0.0 0.013739863119504798 0.0007896416402027221 -0.018150908144205634 0.003992217966736804 -0.013045566411098837 -0.038311260058655795 -0.029403656263253187
0.0 0.016571206572204733 0.001373987613966713 -0.021621135482387942 0.003524745844435879 -0.017443461239486552 -0.04738387244848692 -0.03867092175043052
0.0 0.016936981942330388 0.004797621206001357 -0.019340936054596976 -0.0025420119937532635 -0.02350279816778721 -0.049353945037621944 -0.03931316168283088
0.0 0.019801697531653825 0.008921652984801529 -0.018083054696096862 -0.006947846823599693 -0.029934319001693452 -0.05423954965218447 -0.042221733136818734
0.0 0.02347183037691751 0.00980566583285399 -0.020888442162257617 -0.004641994006646162 -0.030527043643400437 -0.05947378525965391 -0.043777439390770126
0.0 0.028036034406272295 0.008552919557611284 -0.02679518622514261 0.0013153950842092334 -0.029070772424619185 -0.06710724174149078 -0.044714629498725955
0.0 0.03152590090044855 0.008905149579310684 -0.029581838539559625 0.003715009363673884 -0.03016007062644456 -0.07283641760283133 -0.04389767351534211
0.0 0.031652037567012216 0.009875528990026689 -0.03096630168651675 0.0013034212019029958 -0.03251546162104162 -0.07500085301837776 -0.0433566135515741
0.0 0.03178153657324005 0.010590050389319197 -0.032461870587221 -6.550024932694062e-06 -0.033535508026722574 -0.07594758759110001 -0.04235534747939255
0.0 0.03367395185259205 0.011042072106496742 -0.03496384135838337 0.000791138630795296 -0.03455519354474802 -0.07959886500932517 -0.04241697195888305
0.0 0.03520040670967833 0.011000889240676617 -0.03670687168459706 0.0022017734561547543 -0.03538030235371683 -0.08252271821837442 -0.040721426184067606
0.0 0.035717156253039305 0.011180652031017297 -0.03889470793293567 0.0019612601175570173 -0.036030853909976845 -0.08445308757259379 -0.03929303296278574
0.0 0.03442645624619245 0.010766422872720898 -0.040348420093738124 0.0010604185563745214 -0.03611938310381907 -0.0839598143998299 -0.03622320190838963
0.0 0.031350329517618396 0.00945538113939882 -0.04133508264895362 -0.0004297665572266709 -0.03574475930094779 -0.08183039037931117 -0.03186712506485736
0.0 0.02626601511003418 0.00714742079920169 -0.040407924326919135 -0.0023162255413461566 -0.03527563287683916 -0.07730385898479733 -0.02625771496446912
0.0 0.024121238441432172 0.006172449807019111 -0.04268268961323365 -0.0036319648024751017 -0.03418068463699083 -0.07637215718273663 -0.022769619724037723
0.0 0.022863823241646365 0.004854438243263648 -0.043730846611855265 -0.0032146804106406137 -0.03353122212900089 -0.07616785229294608 -0.018405441217747762
0.0 0.02376683377652043 0.005629217983497976 -0.046996185577501584 -0.003964004800239482 -0.034156124618103856 -0.07853191089616961 -0.017158696071798898
0.0 0.024797527581332402 0.005613568364576083 -0.04936719862180617 -0.00325169789189954 -0.034678938670453595 -0.08103208216580167 -0.014991535606831403
0.0 0.02376898811684164 0.004514580014780637 -0.0513923782885798 -0.003143883875997877 -0.03493367901522461 -0.08166010340636029 -0.01212507543913925
0.0 0.023125455114983463 0.005166340546943116 -0.05375641291472483 -0.005056615145906361 -0.03527122346318641 -0.08164870162506604 -0.008790007098877506
0.0 0.02304378860485166 0.005847814973176869 -0.05748250499509577 -0.006567775045503717 -0.035090536826937524 -0.08264163167331871 -0.006872940354577356
0.0 0.02254816058894589 0.005398097957418188 -0.059151252883088826 -0.006621922329320705 -0.035209747137332874 -0.08328386876773751 -0.003236374112081825
0.0 0.021162385408545436 0.005279170459871852 -0.06200165490350769 -0.008103755599649026 -0.035061018189504446 -0.0828625603969791 -0.00013099023566139347
0.0 0.019881658521747267 0.004993274735929288 -0.06396812223160372 -0.00888328654499467 -0.035635102695248444 -0.08229141797163386 0.003421157888780524
0.0 0.018300242557702025 0.0051555924268512745 -0.06705237044971127 -0.011659039005411898 -0.035093275682934376 -0.08214388972051347 0.005035865420298519
0.0 0.017153809767551823 0.005901232731369857 -0.07010869022125768 -0.013624873064101034 -0.034147633454589967 -0.08044592102005194 0.010129983240713632
0.0 0.016626440244286278 0.005819873397600492 -0.07351077944322104 -0.013935205314198548 -0.034536035073867204 -0.08113458101799861 0.012070844973833018
0.0 0.015666375681214623 0.006529365048713909 -0.07561931065353562 -0.015619898487857843 -0.03421303988104046 -0.07966034259317284 0.016822988063255495
0.0 0.014447278629313618 0.007784396408530717 -0.08045377759924478 -0.01914538707358814 -0.03308064945205185 -0.07881062079239502 0.019700216490793333
0.0 0.013325500694349969 0.009004489719343525 -0.08407034639732762 -0.021644277962932643 -0.03234934234546708 -0.07716541977279245 0.02449245814593834
0.0 0.012134413855293338 0.01012869802307776 -0.08896568386481547 -0.024398858237518486 -0.03141223638661263 -0.07614757214113126 0.027412845207498038
0.0 0.010876562433429104 0.012233955864897145 -0.09384651432271905 -0.027544075434657003 -0.030917714642532318 -0.07376732277751151 0.03145841477679064
0.0 0.009617259364184018 0.01398468881304384 -0.09832462342825941 -0.03179157047761629 -0.02943871457709465 -0.07233177890301982 0.03534270606821255
0.0 0.008117578260805496 0.01591776617471621 -0.10328589323371846 -0.03556104896810309 -0.02803473181727196 -0.07017481245243415 0.039603959161785676
0.0 0.007456958310226811 0.01831970810653331 -0.10934242245893917 -0.03946369726378266 -0.02676986406227144 -0.0689490400137337 0.04248508629171736
0.0 0.005943782820612683 0.020112850003478233 -0.114377129341321 -0.04323276712234844 -0.025238994487314034 -0.06703206658354621 0.04621866523297037
0.0 0.0066476244405608426 0.02419023037802364 -0.12251571872171355 -0.047830913366852155 -0.02422164754580984 -0.06760656661881957 0.04766923646666463
0.0 0.007221950427503128 0.027762708961830185 -0.12933691945084821 -0.05169387069909487 -0.023259139149252046 -0.06762671482870716 0.050963648815284195
0.0 0.008098601442323007 0.032468986668776345 -0.1386745929870111 -0.056969833018341444 -0.022290708408681796 -0.0683266174525055 0.05195494508893433
0.0 0.00870164831744355 0.037998102504962994 -0.14875182289917777 -0.06322041139861387 -0.02061082329196447 -0.06725829477334584 0.054406314336746565
0.0 0.008766238426344301 0.0460603033136196 -0.16056318907618916 -0.07280519749086119 -0.019287279270236227 -0.06612741829895717 0.055879702794055214
0.0 0.009105317775769844 0.05136445166507422 -0.1699676749374324 -0.07868620136949057 -0.01781193124705607 -0.06616040582248739 0.058163083993041625
0.0 0.006224160423353508 0.059856782169969605 -0.1937958277883154 -0.09283498598907065 -0.012831906710033317 -0.06358241531152585 0.048595102537184416
0.0 0.007991681089734077 0.07000582138242654 -0.20024986263806924 -0.10214089701614726 -0.01255126809731515 -0.06263804785630521 0.05669477340482461
0.0 0.004543820477155612 0.08140773040001284 -0.21996843088652263 -0.11815943278137522 -0.009155194274149448 -0.060510025954377746 0.04995912301738845
0.0 0.004623956284568963 0.09109911598031954 -0.22664766378805395 -0.12665091385330096 -0.007540891570749747 -0.059468786028209646 0.0567365524876062
0.0 -0.00017555895070431177 0.09617315694555018 -0.24175110432227626 -0.13642636438576156 -0.0035517211929423755 -0.056542940212455074 0.04971325138041002
0.0 0.0020500878587656492 0.10605539530288498 -0.24405858925675444 -0.1418794308190333 -0.0006482780707194658 -0.055067380098481666 0.06124706188909024
0.0 -0.0007528730655956047 0.11015612070961825 -0.2555934306278869 -0.14732553027301307 0.0011916428794214674 -0.05914940526563964 0.051585475290772065
0.0 -0.0026600345793129205 0.1213533166329784 -0.2688107389009998 -0.1604505087320705 0.006121631491676355 -0.0527327583804783 0.05367815555508742
0.0 0.0003406034728379286 0.12517370766537736 -0.2645459433461589 -0.15858385060375757 0.004056436221631133 -0.06027451134604515 0.059119536068894155
0.0 -0.0015763139729983778 0.1287324115203923 -0.27771072324781015 -0.16376578557402172 0.007349696744458057 -0.059348603571703046 0.050621394116094336
0.0 0.0033245846177876112 0.1322889587842692 -0.2757890984778338 -0.16309256327367833 0.005728796971735357 -0.06238674818269085 0.05869356659701652
0.0 0.0001226337365501297 0.13493741476685792 -0.28266147984914153 -0.1656355909158984 0.005493193579739492 -0.06576126359102888 0.05117562966369041
0.0 -0.004258005401218479 0.14526255481578063 -0.29420512601405313 -0.17746010344109564 0.008390752844599465 -0.059433735463335205 0.052815876788121566
0.0 0.0007087797635155415 0.14900280258141207 -0.2935625966193793 -0.1776326182134184 0.006007076680314128 -0.0655263193094248 0.05404047964295851
0.0 -0.0020395767602135214 0.1432917821336694 -0.2938949231891901 -0.17484888739314206 0.006312102597940367 -0.06559168656539911 0.05425559225383876
0.0 0.0014407986025408459 0.14703611888688153 -0.29326581978463934 -0.1752388945045465 0.005614667372344506 -0.06661558160763748 0.05665378922182982
0.0 0.0005038850053010199 0.1462557517073055 -0.2923049191319174 -0.16971909437780433 0.002848020318274014 -0.07560385749957839 0.046463431506103714
0.0 -0.0032435009090538676 0.1500486273251836 -0.29775187299674466 -0.1755665791584848 0.004589516474036887 -0.07012246690393327 0.05101677335833195
0.0 0.0031210868654214558 0.14467967605809792 -0.29122884164717083 -0.17178574223622034 -0.0017723123164142208 -0.07610697358192156 0.05284004924009165
0.0 0.003996332533440725 0.13735504366532733 -0.2879000427765733 -0.16406753244645844 -0.0048255685492230695 -0.08055111420003327 0.049021594881047466
0.0 0.0032204459469769675 0.1339277808596478 -0.28638425861625344 -0.16178660612664864 -0.007113173777543575 -0.08039548276085016 0.04790519008038854
0.0 0.010241346829253001 0.13186114607164606 -0.28095318895497495 -0.1579203472052373 -0.01188179891423346 -0.08538312289554005 0.050139381081971315
0.0 0.008663528593923482 0.12149239894565551 -0.27482255880666434 -0.14636626615515755 -0.017242745951162642 -0.09245000572405304 0.045900793278522846
0.0 0.01105429996893303 0.11593533579245358 -0.2659388035140999 -0.1415152403267387 -0.021174830817511637 -0.09170129020568346 0.052680210247839414
0.0 0.008484415960010577 0.1056560111319175 -0.26230406190912214 -0.13660522011510456 -0.024074080142186326 -0.09473876185089421 0.04591974478606027
0.0 0.010651041445091573 0.10540952639675005 -0.2569447028578546 -0.1357898242830192 -0.0245127105374508 -0.0923090617052562 0.054569725912190586
0.0 0.00850087146525857 0.09410407579401713 -0.2481410923061249 -0.12398001786585074 -0.030435867098837183 -0.10235958518127504 0.0481452281567052
0.0 0.010026364999935082 0.08994953221771662 -0.24396423423273125 -0.12214117618696395 -0.030047937145766198 -0.09913382922806686 0.053416511537813974
0.0 0.009313810724753494 0.07949731355951875 -0.2378959992588341 -0.11468588396776909 -0.03375228183655978 -0.10421802436530721 0.049638536032538164
0.0 0.010709727236018552 0.07437490488376522 -0.22721798203347926 -0.10857637024609335 -0.03646757940054053 -0.10416984963989342 0.05855908344504643
0.0 0.00796292656867397 0.06606818490715911 -0.22611695340931293 -0.10326945587053378 -0.03652021714872883 -0.10636155670132688 0.05163311102480961
0.0 0.00938264995385737 0.062406430626807535 -0.21648847691832393 -0.09843193636893795 -0.0377469192176785 -0.10518607313656765 0.06305536742809895
0.0 0.005997406607116761 0.05430583670742909 -0.2137658199169161 -0.09471993597589173 -0.03851366701924577 -0.10775379434544118 0.05859346860932248
0.0 0.003851858670361117 0.05082856601544459 -0.21213127315076333 -0.09422903452189897 -0.039239742827912 -0.10786167595246586 0.05753714235488699
0.0 0.004987857279000455 0.049921504673366646 -0.20320611534444155 -0.09068967097652014 -0.04136199252156089 -0.10686775313114759 0.06856222051372216
0.0 0.0030622972961442604 0.04322883404741235 -0.20561257261616214 -0.08573797540807952 -0.039442568823675736 -0.10927059803792227 0.06043305084738944
0.0 0.0026255057491616773 0.042011532184038386 -0.20434115840349618 -0.0861784374181915 -0.03972246142380595 -0.10815838758900663 0.06344738513194258
0.0 0.004621477453898417 0.044618652493660954 -0.2007843518419098 -0.08661266723829275 -0.04060271758965321 -0.10702404715737049 0.07296896829955972
0.0 0.002322651726505603 0.03957911801409584 -0.2052173003223522 -0.08348793104375049 -0.039369530219007486 -0.10997058280518718 0.06413554950998938
0.0 0.0034130758807650314 0.04266377851586829 -0.2022479781621827 -0.08508496178610378 -0.038768183774179926 -0.10534472874853969 0.07692041355215207
0.0 0.0003302016523390274 0.043070539878487614 -0.2053908632209768 -0.08871838060559034 -0.03993363857349011 -0.10659832557922228 0.07184742127606968
0.0 0.0006784900022370734 0.04406509316441353 -0.20218116123606397 -0.08925778188581358 -0.04047931924003128 -0.10469593390860961 0.08097796419942083
0.0 -0.001895184935420473 0.04161142355680937 -0.20723799610897845 -0.0885750358431987 -0.03750368398821502 -0.10441486973002004 0.07610589736894417
0.0 -0.002840382815916981 0.03569949927000422 -0.20538719127876687 -0.0855243086835949 -0.03915446111743065 -0.10901893481667568 0.07069290341218536
0.0 -0.003684571737115205 0.039912202602093216 -0.20439052906843705 -0.09035119433946476 -0.04080852728724569 -0.10705075213478746 0.07249947622430372
0.0 -0.0006060787673162392 0.0414562090566048 -0.20200919462508915 -0.08920229189772837 -0.041579033191342554 -0.10749464332983522 0.07816197329119037
0.0 -0.0020582130580603926 0.03300016934167482 -0.19700920071452455 -0.08047985109517942 -0.041229227518662176 -0.11190491807952725 0.07658098400493105
0.0 -0.0027156966505449986 0.025386868368267642 -0.19238268669438702 -0.07478012497683689 -0.04322359615628279 -0.11631346896690714 0.07206675472070831
0.0 0.00012369511634312478 0.02757195930668991 -0.18560287340935777 -0.0739870514480279 -0.0445691766559726 -0.11453781278665137 0.0811501435216851
0.0 -0.0011554691083865704 0.018622958556949645 -0.18182110626396744 -0.06563829392333291 -0.046064396384631064 -0.12083217007697776 0.07528582342763035
0.0 0.00042206643987217977 0.017941433437103516 -0.1734724919012231 -0.0624276594596177 -0.047249864719387025 -0.11955263474959638 0.08537233577788728
0.0 -0.00027726411594998225 0.012579905713719242 -0.17288254497204503 -0.057465154335828106 -0.046717237592006994 -0.12289225630381849 0.080657339652083
0.0 -0.0005911560696694956 0.010220726733725705 -0.1662664960519986 -0.05466592248601143 -0.04760890348987315 -0.12204923276371371 0.08760877811505098
0.0 -0.0018784121665865268 0.009624185158168614 -0.16581831463122554 -0.05465170474942602 -0.0478068184016169 -0.122387405058824 0.08544835644868687
0.0 -0.0014892375981927595 0.0006984753042149905 -0.15951281719585486 -0.04542151129117436 -0.04889819055776885 -0.12863298988425906 0.08234534105120882
0.0 -0.0007504476914781025 -0.0007335569477873894 -0.1494385681105746 -0.04140217907870158 -0.04960189619945235 -0.1260797838040975 0.09424230441434642
0.0 -0.001977889604605998 -0.009106841556207796 -0.15039792294845988 -0.03564616461162186 -0.05028940176577036 -0.13503028457223526 0.07880720995905398
0.0 -0.0022306113454597085 -0.0066099055440316246 -0.14258321886891356 -0.03749203444559648 -0.050644667801063706 -0.12877501934450514 0.09288999998509684
0.0 -0.003013394060264066 -0.008669399099979476 -0.14237941962973902 -0.03658646891310551 -0.051753588426281555 -0.13248074741886404 0.08735471684118425
0.0 -0.003393135855503257 -0.01620993811815528 -0.13506255309979073 -0.027192918749037065 -0.05176165376868656 -0.13584164460335243 0.0879343232707472
0.0 -0.0030465292943546857 -0.01620065951769713 -0.12874573183885551 -0.025696772728089068 -0.051085312104554394 -0.1321628988929404 0.09689500932839862
0.0 -0.0036009195224406213 -0.023121228637356196 -0.13052518670773774 -0.02057205438582288 -0.05161045531257208 -0.14186899078423706 0.08401846630677845
0.0 -0.003936017753561669 -0.021070335024733322 -0.12406325438478277 -0.02212424909873997 -0.05181216222775085 -0.13642008338732922 0.09683069956553202
0.0 -0.004542679410816745 -0.0229157356042623 -0.12228979397139228 -0.020954714094474768 -0.05329184946387099 -0.13950210620462797 0.09266713443558007
0.0 -0.00585115801974541 -0.03671285969248559 -0.11988658072373762 -0.007263809295815025 -0.051855351380784453 -0.1520360753063752 0.07711792559359608
0.0 -0.0058320790708808945 -0.03226495883242648 -0.10815818565126248 -0.011074842163907956 -0.05275894643366067 -0.14210489491621414 0.09756300826216396
0.0 -0.007151387543983772 -0.03046731770615868 -0.10729523498779908 -0.014936472764127748 -0.05417123931306833 -0.141280077353653 0.09674372421021149
0.0 -0.005771476411122488 -0.04406815506544937 -0.10749743212779138 0.0024181026739284518 -0.05095794222818609 -0.15635499584501536 0.08009666792192723
0.0 -0.006692299691820715 -0.0443652451208563 -0.10094648446578801 0.00366472432856545 -0.04922673899538472 -0.15091129677712053 0.09050129684730121
0.0 -0.006954363818217589 -0.04036685374955298 -0.0958966851496692 -0.0037233719817448886 -0.054301260287660795 -0.14968819474011516 0.09389998086224347
0.0 -0.00846330354206458 -0.05119022584947082 -0.09513548938779773 0.006904718613938949 -0.052801921067707785 -0.16035803163410428 0.07730845429383713
0.0 -0.008645392676793127 -0.04677346670598905 -0.08949730125757493 0.004242892614313651 -0.04952009836526637 -0.1485424172081042 0.0946488465066302
0.0 -0.010120556926091626 -0.04468215990925632 -0.0847696306481967 7.1104430555302136e-06 -0.05182166423729595 -0.14551573338369103 0.09880133182370748
0.0 -0.010988974670026528 -0.05564099539017441 -0.08488646309283697 0.011971606926758815 -0.04848859454821101 -0.15619640822181166 0.08128635775249578
0.0 -0.011081320812502786 -0.04813391112033371 -0.0804898548160318 0.004824056468748256 -0.04635455337281261 -0.14131508062979958 0.10064396139941195
0.0 -0.012020251223770923 -0.04822393368597028 -0.07854184081676677 0.0027965634965356674 -0.050487533850209904 -0.14461315212031928 0.09694673433784301
0.0 -0.011479163322170829 -0.052123507258900206 -0.07961639779386308 0.008307269907751545 -0.0483203364798426 -0.14855561708739498 0.09194312897757301
0.0 -0.00889734666198831 -0.05143772337752192 -0.07953311519061866 0.010635901274657052 -0.045495821103880424 -0.1488136026536782 0.09119142651434081
0.0 -0.009236950140664437 -0.050683477920492215 -0.08018974396463555 0.009619459419392604 -0.04509797963857097 -0.1458074838350607 0.09554026141738785
0.0 -0.011118064348935752 -0.05284941233395371 -0.07400223198921681 0.009977872492863638 -0.048037241042308165 -0.1478104420006869 0.09321659193601423
0.0 -0.010941541520003428 -0.05375227635559058 -0.07432509851506686 0.01110622728498003 -0.047009426402499804 -0.1488972773674058 0.0905839414301201
0.0 -0.010168643320215914 -0.05380854641337699 -0.07527483872334417 0.01212053592675727 -0.04480300317120468 -0.14828460780398475 0.09003181892428286
0.0 -0.010314214192555984 -0.0528522077231921 -0.07524154122219644 0.011198088747902728 -0.044600459118060515 -0.1459461297936606 0.09280895460032862
0.0 -0.011459160983272315 -0.05474835725463026 -0.06965704188725254 0.01191698466948169 -0.04716303070855404 -0.1484477998117377 0.08929964426628696
0.0 -0.010683295883965141 -0.052794218022907936 -0.07153331073093636 0.01085166258310478 -0.04567254793718655 -0.14570756268154317 0.0911037556861427
0.0 -0.009309935481383797 -0.05340230647296185 -0.07352287226998747 0.012802272841048358 -0.044272786831125795 -0.14787658901212905 0.08766068502030029
0.0 -0.009858734198278714 -0.0525087919511946 -0.07355306951796702 0.01150125754984166 -0.04409971759557638 -0.14500431056574983 0.09084182562194157
0.0 -0.011824881057513274 -0.05515361947184355 -0.06774740123704369 0.012280868093267033 -0.04660829534302068 -0.14717904975270457 0.08718417512630304
0.0 -0.013227508347629334 -0.055634675651495095 -0.06761274951797043 0.012255001196809792 -0.04472063322819917 -0.1437427439020775 0.08748705563255543
0.0 -0.014031185083906198 -0.0556262767433913 -0.06605881402621344 0.01142545909848491 -0.04314466730719823 -0.14204877470895436 0.08399712801158368
0.0 -0.014549914197928308 -0.05391884220107466 -0.06470989178000963 0.009537399674686567 -0.04296967060911787 -0.13789544243406748 0.08725516702950287
0.0 -0.014839372162299837 -0.054125601617879916 -0.06460356761404722 0.009777134365599988 -0.043204484884055275 -0.1374105065078462 0.08606049191544568
0.0 -0.01429038305403309 -0.051883332934790166 -0.06646658770377838 0.008278704028835904 -0.04172610135019037 -0.13380707811635445 0.08774624593053222
0.0 -0.014195305853991674 -0.052566946497500294 -0.06330877648458906 0.00938373411572795 -0.04179676924455757 -0.13473695072195938 0.08426239809066718
0.0 -0.013722180310998833 -0.0522180442395167 -0.06647156878129988 0.00970720567801548 -0.040896753084491394 -0.13354074038246197 0.08359926894987996
0.0 -0.013054261014716968 -0.05102229098757103 -0.06535831701851816 0.009014588669710962 -0.04140519759529218 -0.13302869684054938 0.08223443467882546
0.0 -0.01296430849216798 -0.050473738049627154 -0.06456583004197018 0.008564198212381191 -0.04155686445719298 -0.1320918258368109 0.08125824194446461
0.0 -0.013683582025123592 -0.050356151798533325 -0.06318032870637143 0.007891522718226013 -0.041474377622813745 -0.1304693855632142 0.07912640427178685
0.0 -0.014663000700239888 -0.049486949500879215 -0.06381830648166367 0.006649524276312109 -0.04011058078530452 -0.12652483793073838 0.07983080062874215
0.0 -0.0151447219584538 -0.04985253674447211 -0.06135871965300591 0.006675868590584977 -0.04015108068913064 -0.12598869847389876 0.07680638751744757
0.0 -0.01527412577286465 -0.04797620246529658 -0.06098192548772581 0.004922916923344483 -0.039596217594186515 -0.12204649103169951 0.07806298314130751
0.0 -0.0151268939406689 -0.047989991310251466 -0.061603339876702135 0.005519770848489584 -0.03905137350593381 -0.1216704828450701 0.07552203766747438
0.0 -0.014366697875925078 -0.050979303318709895 -0.06544478710955552 0.009252594073012878 -0.037666391575517266 -0.1266761241251758 0.06423392029956299
0.0 -0.015259136588586348 -0.045656550678366305 -0.061736637343834146 0.0036124392812308284 -0.03792581209065021 -0.11651234814085187 0.07511403395812359
0.0 -0.016378955121901354 -0.04524697645386419 -0.05608056762364775 0.0015053776762951417 -0.041257377946407325 -0.11652498960010726 0.07208252841937816
0.0 -0.014571648894972498 -0.044571256039284725 -0.05995659202869799 0.0035646863790917862 -0.03782853447977029 -0.11502060770799281 0.06959694221245341
0.0 -0.012448678601835511 -0.04075379845006009 -0.06111431052078693 0.002000520151025749 -0.03637656585789036 -0.11088445961636167 0.07381410830011491
0.0 -0.012524434054656829 -0.0455933723906683 -0.06362718153212608 0.006376709807216137 -0.03748831853023254 -0.11977828113393447 0.05981744928540811
0.0 -0.013527646640570474 -0.041827357093018505 -0.05989711837672227 0.0026667360944200302 -0.03699946027469888 -0.11065844594606378 0.06891639163917122
0.0 -0.014472310134762812 -0.041925529001437534 -0.05742224686856447 0.0006641007207092459 -0.039180808650427265 -0.1118694425746347 0.06391079532281292
0.0 -0.012578708605259233 -0.04439173437033367 -0.06464288960476579 0.005329446615513525 -0.03535063597916077 -0.11593989867624621 0.053243264598737565
0.0 -0.013440369511093198 -0.03803346919183231 -0.060335770606471245 -0.0011461279758825827 -0.03537914818051056 -0.10353647107813627 0.06863130783726745
0.0 -0.014989737310314395 -0.038657016581870096 -0.05621802686700466 -0.003110579699668811 -0.03979713216656631 -0.10607042971803854 0.06192708435555715
0.0 -0.014253927715785054 -0.038867771453444694 -0.057177505860651935 -0.0004249664166412093 -0.036830566896127195 -0.1039315234144884 0.06112106462170891
0.0 -0.009858285837725465 -0.03749720124717631 -0.06359038807029847 0.0024462724420780293 -0.03371441985712475 -0.10677101169809722 0.057402968594449266
0.0 -0.010226409956206549 -0.03412669469806505 -0.06118926457686485 -0.0011847573682495353 -0.03425818254925381 -0.10047137891906506 0.06491418102744874
0.0 -0.012590763892299395 -0.03643025438282749 -0.05771661391774857 -0.00220771815571595 -0.03784628926085545 -0.10374021454072864 0.05648296869058538
0.0 -0.013222437623157913 -0.03459397296731838 -0.05743107656867357 -0.003634186812445636 -0.036198357394328244 -0.09829555687623566 0.06029967161153176
0.0 -0.011797869172110384 -0.03579527754754363 -0.0594012052846024 -0.0007026658138027512 -0.034122451002940625 -0.10067489552483289 0.05431848236255569
0.0 -0.011658261363581238 -0.037301416288006116 -0.0613552219547563 0.0006608401416191096 -0.03424505830437685 -0.10321135606004167 0.04809759624850016
0.0 -0.013343181648386594 -0.03268806577180343 -0.05661302043458925 -0.005438460298887106 -0.035223248301390564 -0.093758581685708 0.058003988827910025
0.0 -0.012656142058642645 -0.03479637301447662 -0.05802374498259828 -0.0027938544036950827 -0.035702792251176285 -0.09898382447450976 0.04837967614071592
0.0 -0.010788353163419659 -0.031591901921891284 -0.05886244701330428 -0.002633280922593119 -0.03251759454165817 -0.0931872105692122 0.05536568991427809
0.0 -0.009555660701488281 -0.03178129445834149 -0.0591552980480049 -0.002671360379347937 -0.03464723397639067 -0.09777467143192305 0.047436455634277744
0.0 -0.011204921361897715 -0.02942232280752992 -0.05720219906379595 -0.0060495677111878894 -0.034133089003701954 -0.0905877091445143 0.05453095621546057
0.0 -0.011251766841669798 -0.031600029629096964 -0.05791248719669412 -0.003725880218352766 -0.03396402302524906 -0.09404381762134734 0.04678037356563132
0.0 -0.009514498562419302 -0.03137077182470665 -0.05919612003451699 -0.0020611241092856783 -0.03284559680753666 -0.09485747096821065 0.04417567133073169
0.0 -0.00997743241972925 -0.027988615669047825 -0.056558641803178225 -0.005627701791232108 -0.03296316295662687 -0.08837944126266183 0.05125457085407963
0.0 -0.010562452104216564 -0.03006375117166339 -0.05723860008789684 -0.004514357703619585 -0.033726661450906324 -0.09198250428740734 0.042714531134922205
0.0 -0.009889232916266713 -0.02712269613441734 -0.05628574094056902 -0.006076522823176101 -0.03254914481234713 -0.08671316381426854 0.04956209494915398
0.0 -0.009691313771460834 -0.029398964689340307 -0.05797422068906138 -0.003985341853181094 -0.03288005711277874 -0.09127839016114951 0.04050463111601067
0.0 -0.009627099565130857 -0.026506472743356727 -0.05589330445955703 -0.006154141428062367 -0.03194877725562687 -0.0851522839503499 0.047898274227571265
0.0 -0.009745210176559473 -0.027973432519229086 -0.056501951560399166 -0.005526655221020672 -0.03333796713081771 -0.08929784692434357 0.038864978206934866
0.0 -0.00936720051103392 -0.02516600742592259 -0.05463419163389598 -0.007001435784266179 -0.03189819443896174 -0.0831851034335464 0.04508182769800545
0.0 -0.008133146947658187 -0.0273265836289537 -0.057293580437820374 -0.004387467460559133 -0.03269794573254208 -0.08976026617973332 0.03523178459907728
0.0 -0.007548276732762244 -0.024553275685169705 -0.05551993917502247 -0.005627144217377532 -0.03124557464662523 -0.08393255550147216 0.0428227439759431
0.0 -0.007589776134102644 -0.02570385068176359 -0.05596874987264289 -0.0056138388049303605 -0.03323300559712236 -0.08829954437385786 0.03357391828741443
0.0 -0.009230420408861151 -0.023567738877437433 -0.053807197053853 -0.00849744911190892 -0.032012388475160775 -0.08088248272239804 0.04125115671973723
0.0 -0.008735946735045791 -0.02550461241146587 -0.054699560931652985 -0.006265628061393799 -0.032204601521270956 -0.08487942124504608 0.033085315045588565
0.0 -0.00801441721848745 -0.02489866728698634 -0.05439054524788735 -0.005216132768570585 -0.030666483440901383 -0.08288860910537336 0.03419823062974754
0.0 -0.008782207222729722 -0.022423365824267398 -0.052327557248011074 -0.008278326999346736 -0.030543276301210787 -0.07737270956326557 0.04070468902299473
0.0 -0.008797573908030197 -0.024468469374406047 -0.05380008418469521 -0.006642620234778378 -0.03093065157733177 -0.0815030296091217 0.03201366620958302
0.0 -0.00806660504706474 -0.02191017426589202 -0.051895989017265866 -0.007745519762558293 -0.03001078106002151 -0.07677895102139076 0.03827500827177528
0.0 -0.00776109698522855 -0.023854826894033444 -0.05375012305749256 -0.006362331372843747 -0.0311777602362626 -0.0821884491949279 0.028135531617454457
0.0 -0.007966289127448298 -0.021804374676563616 -0.052152824991236246 -0.007274236752601488 -0.029130966808507703 -0.0758674354747446 0.035307801390076554
0.0 -0.007655767223139393 -0.022973286039657554 -0.052438214087606475 -0.007304514401091995 -0.03159467027406547 -0.08103535017148276 0.02595121589689502
0.0 -0.008816103314898292 -0.020880730228683687 -0.050131303014147345 -0.009466407272701934 -0.030148919033458062 -0.07395144617234149 0.033962604453490086
0.0 -0.007948447035034658 -0.02236383220706677 -0.05126104312602675 -0.007447452285544937 -0.030612077423766194 -0.07826259244209768 0.02573398623932521
0.0 -0.007913756150852871 -0.020455760802881712 -0.04995495733820021 -0.008047755777534733 -0.028629391686233265 -0.07256981692347642 0.032658354244568054
0.0 -0.008013610161716447 -0.019307161330952134 -0.048871217699406416 -0.009017185679307656 -0.028425826477882735 -0.07010584738695086 0.03526701079270854
0.0 -0.007770275595304192 -0.019170322063719367 -0.049136570927827944 -0.008192157572880472 -0.026971205186473564 -0.06873730765178059 0.03528587296690968
0.0 -0.006765858769988084 -0.021412395761162502 -0.05089190286629478 -0.0058331955442173 -0.027845810025944873 -0.07478269792224285 0.025416346492258896
0.0 -0.0068729082140656945 -0.0188171120843582 -0.047994562027610904 -0.008313914778486376 -0.02808310739090096 -0.07002124442464945 0.030506689690450353
0.0 -0.007805501623703307 -0.01990654767515539 -0.04877786666793891 -0.008767588568228978 -0.02897580491370559 -0.07207175727636482 0.023795713147253518
0.0 -0.007300972267808403 -0.01819701131524058 -0.0471283984004654 -0.009139631560109041 -0.027878480025840802 -0.06821556056094434 0.02791984421153659
0.0 -0.007641728805941137 -0.017932406659117363 -0.04638459439214335 -0.008876703490654706 -0.02671989204351506 -0.0656213623371083 0.03059058717680223
0.0 -0.006606779625184897 -0.017493074046138934 -0.046545431259814286 -0.008054521047941948 -0.02615388907673241 -0.06567217115196433 0.029826287851927164
0.0 -0.006182597647254655 -0.017006151630179465 -0.04634041702490054 -0.00796479481610369 -0.025933399018004333 -0.06507564019566979 0.030276810942126798
0.0 -0.006472351462103638 -0.017041128149727115 -0.0457644317369382 -0.00813348997436843 -0.02569530512573024 -0.06438102149928761 0.02867210829961784
0.0 -0.006391531582027688 -0.016586378552536935 -0.04539295397725392 -0.00835384842455098 -0.02546697936265659 -0.0634975872525441 0.028446714634996734
0.0 -0.0064898964643486795 -0.016258591472866193 -0.045371715593345296 -0.008784615119958192 -0.025421090029740745 -0.06285311496879693 0.028486902257545854
0.0 -0.0062378377595373345 -0.015952736267600447 -0.04507708348537795 -0.008667867734378868 -0.025191404545167047 -0.06233619894273197 0.027750688147235792
0.0 -0.006179422612545716 -0.015944156247915144 -0.044776554823109604 -0.008281644030421895 -0.02475873508514578 -0.061702876228452275 0.02709927022415089
0.0 -0.005808617062614768 -0.017009817473727866 -0.04615207294031695 -0.007796803651643324 -0.025987856327461922 -0.06580442035466443 0.018614532557619617
0.0 -0.005957643128092349 -0.01525763726449609 -0.044455249686226675 -0.009330363260272324 -0.025733928687265935 -0.06208443015699144 0.02227189509441497
0.0 -0.006422094206709643 -0.014538400026585017 -0.04352186124507816 -0.010195904969804673 -0.0254883934755413 -0.05983421056719912 0.02379252044664367
0.0 -0.005918512868464254 -0.014499703171879364 -0.043952189582904214 -0.009171189227788284 -0.024442050879866253 -0.059365773821502 0.0229316391236136
0.0 -0.005493252262780322 -0.014331964035986878 -0.0430428946837434 -0.00866641159745629 -0.0242689739626821 -0.058865488245439725 0.023174756883001
0.0 -0.005787933409140859 -0.0141806608869319 -0.04278066192766011 -0.009128210821676726 -0.0241304316146511 -0.058111968957061846 0.02257037490054334
0.0 -0.005866215933790767 -0.013826597664835037 -0.04237798242583233 -0.009426024817490953 -0.023806340162736816 -0.05711158052515161 0.022099249988851863
0.0 -0.0058891474363805575 -0.013726444648702228 -0.04215681384472999 -0.009381963901662231 -0.02367311035290294 -0.05664084891690843 0.02163593517372008
0.0 -0.0054820652483564495 -0.013288784291601484 -0.0421018692792179 -0.009228048655752752 -0.023358451852838857 -0.05619673950220077 0.020693686144420426
0.0 -0.005223452736217302 -0.013009939772519644 -0.04188026403675206 -0.00923218798755901 -0.023396491788090005 -0.05601100246777361 0.020066193901543003
0.0 -0.004777673701564932 -0.012647470923124918 -0.04223790515792098 -0.009398410496041204 -0.023664999118282883 -0.056555606488845736 0.018277038521016333
0.0 -0.0048235620424022 -0.012303485282950301 -0.04167430261683197 -0.009426459843776444 -0.023294673427928746 -0.05519850138471565 0.019073996375186145
0.0 -0.004982484233327734 -0.01196488037430262 -0.0417471924625372 -0.009825943527286704 -0.02304606131508613 -0.05438911282474212 0.01821428881725569
0.0 -0.004802764194750398 -0.011583896096699454 -0.041422674355869174 -0.009988786736056922 -0.022924762691716054 -0.05384529552987514 0.018017400341292133
0.0 -0.0048359665728251785 -0.011356972970898478 -0.0413489042759772 -0.009898091926356732 -0.022566778891884024 -0.05293851194203867 0.017601461652611484
0.0 -0.0046456999363729415 -0.010981998260233647 -0.04109954744113007 -0.010164257362763772 -0.022593939955820826 -0.05265890102837975 0.016951162108096173
0.0 -0.004668256374503187 -0.010561879618407401 -0.04071006170089506 -0.010462462834239855 -0.022529567701905895 -0.05171377433989828 0.016816019018033392
0.0 -0.004432886521477199 -0.01032034415022552 -0.04090428856479586 -0.010381889867743263 -0.022343167849652908 -0.05157725842112183 0.01573137375892475
0.0 -0.004105726667431662 -0.011103712059759786 -0.04253510709448868 -0.010224195942062376 -0.023443803940648225 -0.05510315149678981 0.00825555949811411
0.0 -0.004274383373943978 -0.009781080134924007 -0.0405077648262081 -0.01141549664940299 -0.023447627446531408 -0.05214862566575784 0.011320235582968222
0.0 -0.004839223761606493 -0.008552411785806461 -0.04017901348490542 -0.012829878280662286 -0.022925714508264087 -0.04911336727482202 0.01381523874373711
0.0 -0.004164052384742755 -0.008845370822250967 -0.040691241049938764 -0.011470471387200308 -0.022008361174607853 -0.04956743805373962 0.012501703657316378
0.0 -0.004130755894636442 -0.009306122117395425 -0.039201017197337706 -0.010319901329796486 -0.02154704454636054 -0.04869921389070017 0.014070654089380914
0.0 -0.0039854801301312396 -0.008667057371272878 -0.039983465724285766 -0.011077457845221043 -0.02159777302604625 -0.048502437749409266 0.012850162214102035
0.0 -0.003958436677998911 -0.008152987726990196 -0.03964513252806391 -0.01132910177064004 -0.02140763718403944 -0.04742205744894833 0.013416089702728366
0.0 -0.003925519845392019 -0.007740458849570775 -0.040129842147326414 -0.011868729703088316 -0.021212118460344213 -0.04715394645621706 0.01252376939887808
0.0 -0.003815474688040443 -0.007593598093501528 -0.03963571886451084 -0.011641051360007003 -0.02091520077678316 -0.046470978842095084 0.012805352087779678
0.0 -0.003869511846759591 -0.007288843196741373 -0.04006233821290108 -0.011884720066446378 -0.020787980436635944 -0.04595046943563707 0.012142614609397726
0.0 -0.0036913836664715332 -0.00700821206839585 -0.03929406404001363 -0.011730047303343694 -0.020850652212935257 -0.04526572668989034 0.011589344986536465
0.0 -0.003496542882398509 -0.0065635676009409396 -0.039718752446332065 -0.012267109403335688 -0.020652252210283672 -0.04526611896732361 0.01118651586993477
0.0 -0.0034678555742098725 -0.006262240714600207 -0.039496258451001465 -0.012341093797695898 -0.02045646579049971 -0.04449114908231119 0.011354282112470547
0.0 -0.0033359121412445225 -0.006012893881567881 -0.0398671890342911 -0.012340184107104848 -0.020227754254200404 -0.044193637423770166 0.01067719769278151
0.0 -0.003323388408727621 -0.005540120212263047 -0.039684610635726834 -0.012633589050509503 -0.020251694307325555 -0.04332963052061131 0.010323829743099977
0.0 -0.0030032001499921326 -0.005244606717386077 -0.03972513750856327 -0.012900032732799362 -0.020264409503220504 -0.04369337808881498 0.009040176079998513
0.0 -0.003009998497942882 -0.005066276858700407 -0.039325754687562144 -0.012861022669007908 -0.02019227333806082 -0.04300205227565965 0.00930057935264621
0.0 -0.0028365885775511117 -0.004616786442973013 -0.03986998768898161 -0.0130924629794476 -0.01999362784886022 -0.04263804389571958 0.008653800785648091
0.0 -0.0031549973538239472 -0.004542627598074603 -0.039532024676689176 -0.013286940295295938 -0.019676298518139068 -0.041647170501294184 0.009249554212782908
0.0 -0.003019333798681266 -0.004201181690472274 -0.03952387853615456 -0.013438742378617561 -0.019683165416893814 -0.041292695482090795 0.008893089839153578
0.0 -0.0029142636108954014 -0.0038155568218897155 -0.03969894836590093 -0.013680307657871066 -0.01933129001499436 -0.040746540855066224 0.008888618311087849
0.0 -0.0028883613536400485 -0.003621218204302583 -0.03983557155492712 -0.013732993729312188 -0.019116636014852136 -0.04032382822868297 0.008710853824678266
0.0 -0.002690865176664104 -0.003172872453056383 -0.039820804389916864 -0.014015164324515493 -0.018876735493691812 -0.03989876748783588 0.008562068756721214
0.0 -0.002733074470197726 -0.0025331959251724437 -0.04044601255789579 -0.014942170062780084 -0.01899831684507384 -0.03955663245473165 0.00816982667886459
0.0 -0.0027122375323108874 -0.0026913628335961228 -0.03976563741027256 -0.014331803834590734 -0.018707926706459082 -0.03895363356820043 0.00866651518043166
0.0 -0.0025144596025674076 -0.0023306647547805524 -0.04041429314223558 -0.014467514371039786 -0.018395247545930093 -0.03868123250972252 0.007991458961334153
0.0 -0.002381319481869679 -0.0020430665832123843 -0.04013456390209627 -0.014610925268073711 -0.018373242763314566 -0.03838177086645402 0.008072276795512789
0.0 -0.0024876729006180357 -0.0016084872685580703 -0.04069332348074495 -0.014963835201151965 -0.018119966071625214 -0.03744902980473628 0.007923862501573387
0.0 -0.0024456956796000966 -0.001274210146734474 -0.04074403327317505 -0.015240391803522144 -0.018170411024627502 -0.0371379741811725 0.007493570836622255
0.0 -0.0023938953564116524 -0.0007822443133736257 -0.04043891446954846 -0.015770471770365554 -0.017833224483131443 -0.03642492570502498 0.007528156155554089
0.0 -0.0021538708586492216 -0.0004313962790931367 -0.04093757701010455 -0.015985292159688105 -0.017835701451365364 -0.03657661447236604 0.006821593612746169
0.0 -0.002108833658278559 -0.00025993027494713024 -0.04092301859234253 -0.015873786157331798 -0.017525896620263725 -0.035923421926252835 0.006916505268528561
0.0 -0.002226955553129435 0.0004975557889675242 -0.041842090531252936 -0.01691337988046145 -0.01732243283239156 -0.03514919199290988 0.006929791870799024
0.0 -0.002459373812177561 0.0002622738712182507 -0.04100990681431943 -0.016715618600834103 -0.01705560035923989 -0.03468347720430213 0.007554364318802676
0.0 -0.0022130646674835964 0.0006226220973414451 -0.04112414045645066 -0.016773229601155067 -0.016975338043059528 -0.034410496943341966 0.007164892409149759
0.0 -0.0017842068339536403 0.0008921652140252229 -0.04143179034156944 -0.016557826890054677 -0.01674931961718797 -0.03450515604254284 0.006563745384001868
0.0 -0.001841340332528712 0.000882555389873517 -0.040975972062207405 -0.016476865136898514 -0.01678944732795866 -0.03413508265515982 0.006702931390605055
0.0 -0.001698175683246047 0.001330175467620215 -0.04129912270877049 -0.016667553772465555 -0.017018534453771567 -0.03379177129903118 0.006037058599109541
0.0 -0.00177900438907911 0.0017830087432559067 -0.0418454469622678 -0.01768349047838011 -0.01692391075877215 -0.033817921002061824 0.00506927690013358
0.0 -0.0018966780586837666 0.00216751194009886 -0.0416386340232537 -0.017792133984172766 -0.016492986484891687 -0.032496276587702586 0.0063649090677142086
0.0 -0.0018836300146517762 0.002487104852419185 -0.04189100646849318 -0.018032400036357112 -0.01600981774191285 -0.031811705765959444 0.0062903237347963995
0.0 -0.001343990201209017 0.0028285395544537643 -0.04256986885429861 -0.017933566082151183 -0.01616696087542473 -0.032515847527605723 0.004881112197152793
0.0 -0.0016568307031057956 0.0027628741121111995 -0.04134462967011007 -0.017847030615430342 -0.016263568156779207 -0.03153292460945382 0.00588689747500023
0.0 -0.0016397394468172903 0.003339828412545645 -0.042414702375606086 -0.018844274799958077 -0.015874082732210342 -0.03142467696211639 0.004871365231879122
0.0 -0.0018850652635470583 0.004624366566709855 -0.044717631893802505 -0.021030970951239885 -0.016024579403913716 -0.030956129141348154 0.0029955306961613527
0.0 -0.0014552779970529624 0.005291015718202341 -0.044681591135494164 -0.0213666115879068 -0.01594159506454688 -0.030929957745588987 0.0027728165100001203
0.0 -0.0017079479861886267 0.004659488893959636 -0.04274012378354814 -0.02013978299782589 -0.015484205943336271 -0.029627176479989744 0.005003636525679956
0.0 -0.001381880979879112 0.004530304238101275 -0.042989672518761346 -0.01944626485397881 -0.015609763630096722 -0.03003432680099699 0.00440962396203759
0.0 -0.0011298818822795722 0.00425101345456011 -0.04182099313169255 -0.01860173129277612 -0.015584409887905264 -0.029911746060995083 0.00482971283727458
0.0 -0.0010919748102897232 0.00485054526308602 -0.04267551469251682 -0.019506163158228056 -0.015122421969727979 -0.029541781978240752 0.004541749054305655
0.0 -0.0009407898144301791 0.0049053840756665724 -0.04230075484743302 -0.01927380713101052 -0.014978560136409089 -0.029313729167561243 0.0043237131811691976
0.0 -0.0008456751222351858 0.005166715240748749 -0.04270150373273547 -0.019234099294338978 -0.015273098898160573 -0.02916933026701453 0.004234166249488936
0.0 -0.0012151181558163122 0.005553647624568814 -0.04268576674559266 -0.020013035866021118 -0.014648113483967351 -0.027961680660289912 0.004411082608312667
0.0 -0.0009468002016934225 0.005411031879212555 -0.04270093100139354 -0.019860488458815054 -0.014803769624127395 -0.028875170828874055 0.0031121204423176898
0.0 -0.0012194490801419593 0.005430522500970706 -0.04208117788286073 -0.019964792491188075 -0.014546097931535698 -0.02796505151595335 0.00393547233425523
0.0 -0.0009597343349413118 0.006286829301588426 -0.043626409104019215 -0.020778714905978067 -0.01422706111617411 -0.02774453630969821 0.0029852721537515616
0.0 -0.0010366043798724649 0.006587088617665245 -0.04376735160495914 -0.02105058207079101 -0.01400886353265096 -0.026989638996981976 0.003606006311292787
0.0 -0.0011471009583950333 0.006776865979915847 -0.0433564146536568 -0.02143986389775948 -0.01375364141662473 -0.026720207040796848 0.003953017846915686
0.0 -0.0012331593299663103 0.006487910993184978 -0.042817378748545964 -0.020947418784341285 -0.013690376362080753 -0.026410983721192716 0.0040193617456607215
0.0 -0.0007579047281424619 0.006991091419792647 -0.04347108457834456 -0.0210699817895306 -0.013480447605586927 -0.026568414971508317 0.0031549470524490754
0.0 -0.0008267703159852858 0.0065720191232102425 -0.04251526334431677 -0.020502618066849554 -0.01363733075872946 -0.02646985918914603 0.003433943640815296
0.0 -0.0006637568366144431 0.006920991773496813 -0.042661073465554145 -0.020695567976993956 -0.0138741655245587 -0.026428685665137997 0.0027414535072690428
0.0 -0.0006615800061067965 0.009092877961992384 -0.04600961172971599 -0.023966213810764157 -0.013995769897642927 -0.025960107815773625 0.00023469336372197171
0.0 -0.0009590953091077464 0.008997826099539441 -0.04508575587459928 -0.023882870182822525 -0.0136521446006419 -0.025220163080406973 0.0014451992792087753
0.0 -0.0011991537749603096 0.008865255857605482 -0.044767796162781516 -0.02376853754547298 -0.013355100646814978 -0.02453203172343379 0.0019237446027675965
0.0 -0.0007164997218488925 0.008603052354481413 -0.04413891601448271 -0.022510142150496036 -0.013117937130056035 -0.024718132555718333 0.0020480427627546207
0.0 -0.000643818825732857 0.008050745670335306 -0.04310614145243996 -0.02166530141777676 -0.012995751850700524 -0.024664704954319657 0.0024353478199219737
0.0 -0.0006069498336957004 0.007934175176329461 -0.04261720798118195 -0.0216593106638395 -0.01301411860055994 -0.02491596606744626 0.0018884762169193326
0.0 -0.0010934817838341288 0.009815692398923846 -0.04553999265762666 -0.02493278095992579 -0.013084126904336633 -0.023793568674667444 0.00016968797671067516
0.0 -0.0010177383015712849 0.010293075034417908 -0.04574200774053003 -0.025277113930527235 -0.012672928458622518 -0.023374287526535985 0.00036769485289995797
0.0 -0.0011645640304756484 0.008790387218476355 -0.04282894598844217 -0.023088859309092883 -0.012571981081339745 -0.023238924249440025 0.0017928443313053656
0.0 -0.0006821450792853239 0.008279839861620904 -0.04237264063886897 -0.022018974399391267 -0.0129525789521114 -0.024338615506699402 0.0005068854406135026
0.0 -0.0007387124807882836 0.0076470046173254536 -0.04111258366276369 -0.021261420993106274 -0.013041816520555242 -0.024368867707106508 0.0008541941104881712
0.0 -0.000691170702158002 0.007843700350770155 -0.04122777660011171 -0.021264701904692516 -0.0128744279871689 -0.023929119551950262 0.0007592693958822339
0.0 -0.0009559645809044459 0.006916031019547491 -0.03976313046173671 -0.020299336994784478 -0.012877558541330412 -0.023890182042981812 0.001049949819252083
0.0 -0.0008509332768168666 0.00739054580551021 -0.040490109962495656 -0.020707269296146885 -0.012826908169845894 -0.023684429158091536 0.00015425521389739183
0.0 -0.0011012378500035586 0.009118931606787036 -0.04267978215880798 -0.023536460454423 -0.013164897550207881 -0.023060377519317134 -0.0015149892980486413
0.0 -0.0012103069616694797 0.00897521328529586 -0.041965275135653436 -0.02338864597469634 -0.0128921236802579 -0.022747411723714916 -0.0011389561166422312
0.0 -0.0015144983039599063 0.01015095971564053 -0.043203701064739586 -0.02509245566151714 -0.012702000244873635 -0.021438148285004264 -0.0011251036169399487
0.0 -0.0010609779318287687 0.009715666682594836 -0.04266887487550275 -0.024010253637058672 -0.012410666743083231 -0.022158484071777923 -0.0016439894152672331
0.0 -0.0008528165626404214 0.007736515291858918 -0.03918192102446749 -0.020735303617589115 -0.012975765459918732 -0.022898022961161404 -0.0007550834944528352
0.0 -0.0001185411955680768 0.007349946936713876 -0.03857943548020659 -0.01979226696635301 -0.013324861449285463 -0.024107759339502627 -0.002217097862206208
0.0 -0.00014050892178125025 0.006884439407450047 -0.03767312900284558 -0.019293160164708886 -0.013406422581047493 -0.024257690047036942 -0.0022398372466034934
0.0 -6.763430387461099e-05 0.006995496727454385 -0.03764922714767652 -0.019170935355343206 -0.013353439153809064 -0.023949747692121992 -0.00247314130322307
0.0 -4.173064242798605e-05 0.006548420666087147 -0.036793580740602065 -0.01849104399383302 -0.013352103094415719 -0.023947626798769547 -0.00249625215269258
0.0 -0.0001263677370563772 0.006144079390232259 -0.036022210512524966 -0.01813506127682215 -0.013664104477460196 -0.024271367218892982 -0.0031722710887776675
0.0 0.00010341620356160917 0.005854019746921059 -0.03508541176887534 -0.017426498111848182 -0.013960629520108087 -0.024494596155204048 -0.003652673709716137
0.0 -0.00025777498265589784 0.007881456339458016 -0.03829186050752869 -0.02080346345191987 -0.014116054363192918 -0.02352824991727809 -0.005527970620028167
0.0 -0.0001585570905662935 0.00858241847689384 -0.03911663439903676 -0.021551518765288845 -0.014186513835365226 -0.023355680712894882 -0.006458924655977339
0.0 8.18467112886339e-05 0.0075679365651405 -0.0366302215586621 -0.019793456984026413 -0.013981052973196052 -0.02371451731651343 -0.005533379100113523
0.0 -0.0001003713692833374 0.00736443417541688 -0.03639867200972907 -0.019301168138588606 -0.014027782068477225 -0.023013902594724224 -0.004803626025612129
0.0 -2.0658033003558356e-05 0.005794416529866321 -0.03394557679891868 -0.017276958526792223 -0.013917313675366808 -0.023882877812028858 -0.00479845004477606
0.0 0.00012733240132378824 0.005595768237498979 -0.03377895192096694 -0.016895804957206047 -0.013807727289913106 -0.024034260970079265 -0.005173498229461771
0.0 2.105720845390763e-05 0.005005278954397454 -0.032674461051197715 -0.016227048223917948 -0.013916580402372798 -0.024120956910796992 -0.005233510659132745
0.0 0.0001762474870103465 0.005326053357415911 -0.033119435125692674 -0.016389339133793594 -0.013805209682895437 -0.02390155914686531 -0.005827875258735416
0.0 0.0001787900919339492 0.0047516449418697135 -0.031722750557356176 -0.015516010985117358 -0.01448127532843007 -0.024239034219017 -0.006011575990517837
0.0 0.00015535731517368133 0.005075232144903203 -0.03199306396070797 -0.016083482494153735 -0.014087609176999215 -0.02386988146963099 -0.006369776945668648
0.0 0.00030172083847817177 0.004726655199158752 -0.03154485583622527 -0.015467838838870502 -0.014258045962732939 -0.02426625292523076 -0.00729485214815756
0.0 0.0001552254729882411 0.004533465371283471 -0.030636411535539605 -0.015337596148824274 -0.014616599251582141 -0.024184683684807636 -0.007444631225425869
0.0 0.00017133907065642156 0.004369080085910126 -0.030493024660466595 -0.015021374182824624 -0.014829131139141563 -0.024271578426118847 -0.00818784964732604
0.0 0.00018296924519788338 0.004152869668921823 -0.02980630572286871 -0.014804214520414272 -0.014608413058447456 -0.02423474446339459 -0.008158565497130833
0.0 -8.969566825634823e-05 0.0041320590143509 -0.02995538210986265 -0.014944617594659588 -0.014559550224693072 -0.023764185352622993 -0.008162767623526957
0.0 -0.0005864450768539167 0.004076038565482232 -0.029649430779572945 -0.01546599705883729 -0.014247260125917177 -0.02315708222836741 -0.007519190374781937
0.0 -0.0007088418668695314 0.003480710273466384 -0.02887071856917968 -0.014680880384749071 -0.014279533835924322 -0.02320283222026633 -0.007756602052879391
0.0 -0.0006004848094095305 0.0034429800154013924 -0.028663305174006695 -0.014463011041888666 -0.013963098516525314 -0.023031287165882486 -0.007822504961816912
0.0 -0.0005781665394647778 0.0032863549874915174 -0.028577790400048833 -0.014240799301582317 -0.014117168052818941 -0.02323800316347796 -0.008437493116433038
0.0 -0.001260109128309565 0.0038005718912929145 -0.028949509387850226 -0.015749921514886085 -0.014983673646599067 -0.022576490535987166 -0.009424375145643005
0.0 -0.0012219504566375221 0.004007841093391604 -0.028949319553502457 -0.015882652058666315 -0.014765812029562224 -0.022333566669907354 -0.009824525707399957
0.0 -0.0008566105095619173 0.0033938782639844653 -0.028032192725853097 -0.014596405433912975 -0.014289610700280992 -0.02264435640587411 -0.009122304413096262
0.0 -0.0007838278168610922 0.0028820815036336156 -0.027309677074601597 -0.013684585694086766 -0.014088777942872378 -0.022708732465487772 -0.00895642233397952
0.0 -0.0010089187805744763 0.0028128481182352672 -0.027067972198684 -0.013792357105027915 -0.013928747087369842 -0.022239023234478163 -0.008722922413835854
0.0 -0.0011348278361497971 0.0028329817053527593 -0.027045700606750624 -0.013861539123657616 -0.013999813189033261 -0.02199416202731755 -0.008945961609179365
0.0 -0.0010578443169072665 0.004217531393186286 -0.028794689123440794 -0.016132913829997358 -0.0145028393910338 -0.022199370265537262 -0.011278286112150393
0.0 -0.0013098573796946214 0.004350140479496611 -0.02844138519185309 -0.01633986582150883 -0.014006221280688536 -0.021316708499183074 -0.01013745337442671
0.0 -0.0014201942037261291 0.004625273202110625 -0.02839272431142247 -0.016775993782901902 -0.014602348909683703 -0.021128391780995362 -0.010644873901299645
0.0 -0.001057302114069781 0.00506189703096175 -0.029324059842352285 -0.016899027734790517 -0.013696937173251695 -0.02099910804770308 -0.011022269783099515
0.0 -0.001739400060166242 0.0036958943045730095 -0.02691146171899321 -0.015512524846582127 -0.014575749532253317 -0.02071472105857194 -0.010104076695381903
0.0 -0.0013814691099121711 0.003844744123033131 -0.027428896394963372 -0.015541027707483647 -0.014205952489891462 -0.021212270985411796 -0.011459573165113202
0.0 -0.00103955811404396 0.0026539359227575124 -0.02522834288735913 -0.013328266261796097 -0.014118886632533238 -0.021637540941883734 -0.010524097981353054
0.0 -0.0010460854242239457 0.003226463178553245 -0.026185953021278813 -0.014103631116800545 -0.01384965646408026 -0.021185540749488793 -0.010252886142713746
0.0 -0.001129019226479712 0.0025251804604908418 -0.025390139005081948 -0.013238810148508801 -0.013644151954921236 -0.0213671408888121 -0.010279631018869952
0.0 -0.0011610935046999637 0.002485478807948656 -0.025015668578965502 -0.013246166540645705 -0.01375242985575686 -0.021339748934246085 -0.010256952516606722
0.0 -0.001091686404067873 0.002387055737124529 -0.024800644210646944 -0.013012895040541565 -0.013801837306667503 -0.021412137728559533 -0.010545873143142226
0.0 -0.0007726713330010689 0.0036061073910870034 -0.0263497514179411 -0.014737574505876467 -0.014765126524264975 -0.022072646159859478 -0.013335530391216622
0.0 -0.0013227137474779939 0.003939326413612438 -0.026348421618412443 -0.015434492094759208 -0.014010177954225368 -0.02051008994796754 -0.011625998689280315
0.0 -0.001207864545754482 0.004102090192307885 -0.0259695933393175 -0.015543301366072796 -0.015095425085476389 -0.020888918692331022 -0.01270259883612176
0.0 -0.0009581929939098413 0.0050405993868941875 -0.027592652549134556 -0.016331928995064523 -0.013693452419328546 -0.0199901265093281 -0.012116899775162327
0.0 -0.0008223194555113736 0.0036482512116948205 -0.025718182816568392 -0.013881177718340246 -0.013606430620831776 -0.020304293317419 -0.011394291469759565
0.0 -0.00027437886601146337 0.0029871699049123165 -0.024544870233702224 -0.012913839579129727 -0.01423380522607485 -0.021951774758324463 -0.01263090331964446
0.0 -0.00033479317691223617 0.0034779834935824636 -0.024964467131847384 -0.013501782785097198 -0.014009091020477524 -0.021221408308017317 -0.012342172274209329
0.0 -0.00041834409760781145 0.0035330405159265583 -0.025304743757232254 -0.013511909369849445 -0.01385841789839985 -0.020871330846406824 -0.01194113664608264
0.0 -0.00037955166225422666 0.0029134446375829377 -0.024190139062832086 -0.012727468483048586 -0.013869345350274115 -0.021331181458920045 -0.011990297952262863
0.0 -0.00028843459580605614 0.0032891985041756545 -0.02454068029854463 -0.013110179671551439 -0.013736292767102734 -0.02107904002998688 -0.012079681414507538
0.0 -3.465981426997375e-05 0.003083328953808811 -0.024294396249195015 -0.012587523121534553 -0.013806028059362017 -0.02153346916186398 -0.01255687707436094
0.0 -0.00023430176963980395 0.0040377776438468805 -0.02505120556223508 -0.014294724727904407 -0.014977707774732672 -0.0214589864412769 -0.014144602486753989
0.0 -0.00028988087470728925 0.005513886098904271 -0.02713893427620634 -0.016123496952940294 -0.013856500732382364 -0.019998250914019362 -0.013712203620256614
0.0 -0.0006816154176047401 0.003950234891853384 -0.024448073942540574 -0.014168562818457435 -0.015042429438582725 -0.020368820639773993 -0.013142960571979745
0.0 -0.0003119270990312253 0.004718522316937064 -0.025804023067389187 -0.014948505601810486 -0.014143622811046853 -0.020277665115414113 -0.013981153420079896
0.0 -0.00015339811237256135 0.0033520370501227536 -0.02378399394042484 -0.012759349193985107 -0.013900534543019694 -0.02073734500068471 -0.01288070071739078
0.0 -0.00019876071543111358 0.003624823569691486 -0.024542188306947862 -0.01306535334065827 -0.013734010679917264 -0.020406402967110226 -0.012865380554672479
0.0 -0.00020707582704383305 0.0033504685794503277 -0.024021366725214294 -0.01274284146770193 -0.013751891881578417 -0.020488149375874575 -0.012956789146349247
0.0 -0.0003882020534613413 0.0031410821778351476 -0.023449051122953014 -0.01275297889881831 -0.013603452494350958 -0.02038503991454459 -0.012797793844458207
0.0 -0.00010234626828678241 0.0046206175920300045 -0.025433105999543595 -0.014989481188607887 -0.014786897840813835 -0.02117720794388194 -0.01595447338345708
0.0 -0.0005003001562399336 0.005343434626175798 -0.026108261249965056 -0.01603760825731378 -0.013866218067385439 -0.0195506378379095 -0.014784730733166974
0.0 -0.0006092411703293448 0.004282218198995223 -0.024379592929797567 -0.014299331190665746 -0.01363235617734476 -0.019237719924063312 -0.013395441449636426
0.0 -0.0006793660202062003 0.003742683732298223 -0.02377606709244607 -0.013768847373724333 -0.013366454431715242 -0.019482531998976912 -0.012889066569435016
0.0 -0.0005416697584741389 0.0028381109018523858 -0.022718660291929774 -0.012419698732651072 -0.013440729468289506 -0.020123632381146124 -0.013243550038621921
0.0 -0.0003702417307340736 0.0028818979262709675 -0.022816210184116066 -0.012235992939441276 -0.013416243370596936 -0.02014256417326041 -0.013534325361530675
0.0 -0.0005857950449033713 0.002644480858547878 -0.022327867461759417 -0.012180241617112507 -0.013477897814182847 -0.020030024791479008 -0.013622929698321141
0.0 -0.0009716177492328373 0.0029322128583475133 -0.022205855054402274 -0.013074020649099084 -0.015068657339696515 -0.020130471767370258 -0.015225272419689363
0.0 -0.0008805912905447748 0.004765710972103888 -0.02483402461564736 -0.015354795482133476 -0.01353924290987475 -0.018607506107113855 -0.015068654152065243
0.0 -0.0010235195651605426 0.002841529255066853 -0.02201933732193745 -0.012699782926266412 -0.01341181119956898 -0.01908141156911308 -0.013599645862729048
0.0 -0.0003432047008339323 0.0025415803807963505 -0.021610958852054864 -0.011823957139120362 -0.013938175939391043 -0.020481613272383375 -0.01515091788386226
0.0 -0.0005977290713873835 0.0025130861768644813 -0.02146905832220845 -0.011900665155440731 -0.013859488766831669 -0.019875504634973465 -0.01498998086150074
0.0 -0.0008735974847582647 0.002805143325156575 -0.02184811087535344 -0.01247722583492887 -0.01356199585587789 -0.019116344417516765 -0.014254461416399812
0.0 -0.0007425266808869149 0.0025183900751615178 -0.021354042117268913 -0.012051428498973329 -0.013416735869099462 -0.019494888423226355 -0.01442843198639906
0.0 -0.000695845301517736 0.002476235926880458 -0.02131738691758636 -0.01195825884446701 -0.01346762100832668 -0.019597895273070716 -0.014588889730075239
0.0 -0.0006529099633331044 0.0022926769419358557 -0.021025132074363365 -0.011610595260977066 -0.013405729153512354 -0.019614079953777334 -0.014911926346160443
0.0 -0.0006865162069755942 0.0024393036336348576 -0.020911490706539835 -0.011851824829526682 -0.013418285150433402 -0.019429163305325722 -0.014825917475648976
0.0 -0.000781460380221799 0.002346428379509553 -0.02104923512956022 -0.011695309649779332 -0.013325066820186506 -0.01920207258140774 -0.015000186524970916
0.0 -0.0009440121514527185 0.001904651691042353 -0.020060874534707618 -0.011258684425341302 -0.013567396647441849 -0.01924444073753573 -0.015000858332876545
0.0 -0.0006172292462291126 0.0022248917622813033 -0.02026885522916173 -0.011398985152940624 -0.013770624043806202 -0.019534413299107295 -0.01572991533074487
0.0 -0.0007182293610642648 0.0020184506170095456 -0.02001091544793153 -0.011204801775750187 -0.013564745981649154 -0.01939160102022912 -0.015622685231432077
0.0 -0.0004855989818215414 0.0019217456040055822 -0.019616293792062058 -0.010924025347110913 -0.013720891174133071 -0.01983141139688819 -0.016058117524756322
0.0 -0.0006972100382359805 0.0020147484771903426 -0.019682807830062796 -0.011124562643221212 -0.013856245799640163 -0.01936370579412301 -0.01611838020989861
0.0 -0.0006953710710121512 0.0024934127915106283 -0.020154819031365886 -0.011882105666707443 -0.013631906774106445 -0.01916312915269772 -0.016041800260869765
0.0 -0.0006704392807262351 0.0019260300863141644 -0.01963487937498461 -0.010983882106667234 -0.013464580556326025 -0.019323943573010344 -0.01610953429799883
0.0 -0.0006423770339027351 0.0018844844634635267 -0.01932904396466672 -0.010952932641767107 -0.01341680441837505 -0.019353876079437966 -0.01618749458222033
0.0 -0.0006862464316241765 0.001983076570344635 -0.019622865320518254 -0.011007450891262946 -0.013498123533911345 -0.019142965147530347 -0.01645072928068433
0.0 -0.0006153293807771285 0.0019240048311103771 -0.019233462851288186 -0.010929685414351777 -0.013435358661497893 -0.019249265533852988 -0.016646843441932613
0.0 -0.0005939792238285273 0.002098114853554578 -0.019265258519634676 -0.01120543336171552 -0.01353501981674532 -0.01927232461837639 -0.016997508278127904
0.0 -0.0006262189018299284 0.0016589790967858427 -0.018621297073180273 -0.010582390016317942 -0.013827205804577487 -0.019486932727905547 -0.017410665477197707
0.0 -0.0004455778900687196 0.0020327885103390317 -0.018842920938365655 -0.010950385809426814 -0.013703337641694777 -0.019424184028027487 -0.01764316736861442
0.0 -0.0007088387982626312 0.0017415910767162772 -0.01849093605032971 -0.01080301392053893 -0.013662832297267362 -0.019223520619988707 -0.017478862283431786
0.0 -0.0005263262520762441 0.001489313693126839 -0.01793702797032857 -0.010205261531392998 -0.013933430781563517 -0.01952964729327153 -0.01775262267088158
0.0 -0.0004955779598759373 0.0016307601783697627 -0.018116506172097094 -0.01026704699383726 -0.01406459872910807 -0.01939987195011302 -0.01820472117752201
0.0 -0.0004008722933190195 0.001569092789246677 -0.017813407374514367 -0.010245907984104484 -0.013857800839486345 -0.019598626417443876 -0.018539687246720938
0.0 -0.0006675100229733173 0.0012458560414383216 -0.01738364674058994 -0.010107132750656382 -0.013916457923115123 -0.019507007625747252 -0.018535684077647396
0.0 -0.00038461130923573113 0.0017998111312747375 -0.018033175076839582 -0.010482432790027762 -0.01385928354457512 -0.019378582793577404 -0.01888135748727933
0.0 -0.000727272372638984 0.0017380405214324553 -0.018035488308434752 -0.010571869110363584 -0.013861211459959664 -0.01882958400596755 -0.018553969535983362
0.0 -0.0005332338796535094 0.0015870421921492129 -0.017269178448852614 -0.01035299560264856 -0.013865251420486491 -0.019226893158286868 -0.018667134430447353
0.0 -0.000644523486852653 0.0016842831929764442 -0.01742737021870523 -0.010607636448922065 -0.013858031838174323 -0.01905624993432549 -0.018922343274301912
0.0 -0.0005510052120044055 0.0014456716964361275 -0.017347445329089526 -0.010108370578204816 -0.013685244889607751 -0.019149791388836032 -0.01900517443736426
0.0 -0.0007008415911559341 0.0011056590777017727 -0.016870447509315947 -0.009735030524987124 -0.013865837757314864 -0.01912830136659723 -0.019098789353418445
0.0 -0.0005026305071558108 0.001306619126218623 -0.01673989947414549 -0.00990984579871806 -0.013849512034894854 -0.019274466310881463 -0.019357483113348013
0.0 -0.0006132860730873693 0.0014203972555417743 -0.017015173310683734 -0.010101952726843631 -0.013786078495016214 -0.018995992120262945 -0.01941877524072997
0.0 -0.0004219305764515163 0.001227384652288853 -0.016479059224028536 -0.009740208764168295 -0.013785009123760359 -0.019374275788718927 -0.019626679184358616
0.0 -0.0005499324035301635 0.0014268761897562516 -0.0165823916048227 -0.010155749746544296 -0.01382716624149075 -0.019110523411964245 -0.019788976184517016
0.0 -0.0005357714060251298 0.0013426222677131506 -0.01674164656218613 -0.009902898852228753 -0.013671367552879916 -0.018994649597474465 -0.019855962781148647
0.0 -0.0005067098579480009 0.001161886247006013 -0.01635452133874143 -0.009637786714839962 -0.013983468689234472 -0.019248988790628516 -0.02061893953554569
0.0 -0.0006183869785326909 0.0015149331854690494 -0.016400292766131953 -0.010244868468481681 -0.01383155932913448 -0.01875870081699182 -0.020030379083023277
0.0 -0.00039527314745902814 0.001514191897120775 -0.016844620950137036 -0.009981513336285164 -0.013678836758964247 -0.019024554123233447 -0.020595722380008754
0.0 -0.0003035411090577258 0.002161300281427955 -0.016366090508703298 -0.010988828036370711 -0.014815059339151577 -0.019283874714299393 -0.021487227970834938
0.0 -0.0005967135912343989 0.0026139228757864745 -0.017394722257875278 -0.01197208407477654 -0.014200734108361847 -0.018676285510213376 -0.021757374411505638
0.0 -0.0004169403413052218 0.0015206379700477932 -0.016039317343572262 -0.010004400505656036 -0.01398035666614837 -0.01898245796602121 -0.02092191776606077
0.0 8.385771181444978e-05 0.0010737997500544002 -0.015561885660808177 -0.00900270582361752 -0.013948410566273668 -0.019924838518685664 -0.021536711034397107
0.0 -8.954726753559133e-05 0.0009663705374259022 -0.014768156164996271 -0.009110414745036936 -0.014939026224023972 -0.020120874761998933 -0.022082252063058173
0.0 -0.00048460921530675636 0.0015927755204821128 -0.01609145606646854 -0.010195201232627453 -0.013897678122265882 -0.01874766195414036 -0.02129007297978763
0.0 0.0007536273246765446 0.0014969316307304457 -0.014584925033906246 -0.009448104023268077 -0.0163876115591564 -0.021925225108112154 -0.025075373298079878
0.0 -0.0009505881512896251 0.0021891359960186326 -0.01582652118160203 -0.01166107030301654 -0.0146877207146912 -0.018237172254544142 -0.022146016616080396
0.0 -0.0004333303930158775 0.0012840061079129267 -0.014653582985447628 -0.009678518165234762 -0.014737745032250244 -0.01903138968024584 -0.021952507787877846
0.0 -7.069189164418919e-05 0.0007311877261929383 -0.014681376762466636 -0.008604994315557784 -0.01400871027861787 -0.019675382670356376 -0.022270620530201735
0.0 -0.00033286728842891957 8.390350825725895e-05 -0.013952105932877185 -0.007877715050127862 -0.014148009356289754 -0.019602513444958683 -0.022160615791047847
0.0 -0.00020971139900174512 0.0006557034508515296 -0.014290139946317693 -0.008741993575760871 -0.014142752532994105 -0.01960237592832219 -0.022546417106140235
0.0 -0.0005220266104448322 0.0007065223527729704 -0.014261419946241027 -0.009143973834428479 -0.014049516622357351 -0.01917829114106246 -0.02246559295958138
0.0 -0.0002130542814643366 0.000761684196091289 -0.014233578296471691 -0.008920655390978699 -0.014179125690919909 -0.019581583281234573 -0.023025503435939024
0.0 -0.0004295075627995257 0.0006043134064657549 -0.014201263756167815 -0.008882144715613313 -0.014138048935536994 -0.01935867366733973 -0.02326707283612059
0.0 -0.0001916401779235931 0.0005622733315722988 -0.013797975631484114 -0.008525085588408046 -0.014556399832636494 -0.0196853672768328 -0.023658655031967
0.0 -0.0005365787400688375 0.0007281867598001896 -0.013956665277644094 -0.009152171823489852 -0.014247807307144306 -0.01909573834251946 -0.02346015861805468
0.0 -0.00026450811430865087 0.0006511350871765222 -0.01375522591658453 -0.00875390964565661 -0.014346268597593071 -0.019466812289895205 -0.023739756856137852
0.0 -0.0005157582248009638 0.000519115565680723 -0.01322150250975624 -0.008846728563268092 -0.014544755190599879 -0.0192515089446275 -0.023168857251251725
0.0 -0.0003535593017652253 0.001047291370350123 -0.014505886507062794 -0.009280538202568996 -0.013913796378712815 -0.018871408635413794 -0.023392051309062762
0.0 -0.0004608208846178708 -2.2894869322857143e-05 -0.012869088346504721 -0.007861027896595811 -0.014270693969196292 -0.019297429443420024 -0.023252885679442205
0.0 -0.0004441273062799999 0.00020272005527337822 -0.013166062401256774 -0.008267074263182723 -0.01408978620526889 -0.01924636705849803 -0.023479719673018668
0.0 -0.0004457929246918348 0.0004920045252414109 -0.013348787568434113 -0.008693773589591799 -0.013998116469009253 -0.019051919049113377 -0.02360374295432634
0.0 -0.00038957900370578566 0.000348575631407045 -0.013310608536355848 -0.008496679588508227 -0.013923709116410755 -0.019290426671760588 -0.023896423531246925
0.0 -0.0006301629243253624 0.00028512517019793003 -0.013265070513099523 -0.008541120288083364 -0.013874755596198536 -0.01885965515218241 -0.023770887938119257
0.0 -0.0006611844035659029 0.00037741035270456234 -0.013227204604637364 -0.008830889123276345 -0.014069384519690276 -0.019009085125905795 -0.02403954154315628
0.0 -0.0004790790665942515 0.0004865751536535075 -0.013399302398200173 -0.008763550252277551 -0.013739562356475396 -0.01899059455071217 -0.023931034964240157
0.0 -0.00041178505940861964 0.00020197730237326713 -0.012846262947105655 -0.008305809758847328 -0.013873351780769694 -0.019233474334968997 -0.024074764831182344
0.0 -0.00024482215683167987 0.0005202794701340517 -0.013370059346755427 -0.008541613959346172 -0.013747244684983468 -0.019191949914799833 -0.024390581896061678
0.0 -0.0005946389847551058 0.0003332002974812704 -0.012756910211506822 -0.008617299886088746 -0.014014257985997687 -0.01885529515362675 -0.024214911973553296
0.0 -0.0005148221710385572 0.00043082762545449614 -0.012786691722725299 -0.008704524956980746 -0.01397899356793429 -0.018913686132823338 -0.02452214919097248
0.0 -0.0004166331213672341 0.00045544460104616217 -0.012855033115576606 -0.008554202936412311 -0.014043137269075618 -0.01894383123273695 -0.02477426310839911
0.0 -0.00031186232535023904 0.00022597266826649906 -0.012566423389157536 -0.008228261584052828 -0.01392180211642833 -0.019258470420032873 -0.024950493219731442
0.0 -0.0005476530343741154 0.00016729593274765546 -0.012394993679786241 -0.008368312974732417 -0.013914957330514472 -0.018946524302437557 -0.024784581380334705
0.0 -0.0002896392630516125 0.0005042212652183458 -0.012921261730456317 -0.008547399733710352 -0.013809561035543129 -0.019026812614414447 -0.025113614390662255
0.0 -8.887348594420405e-05 0.0009796437794538982 -0.012610363425263027 -0.009165721641559921 -0.014549927082275633 -0.01937265095755103 -0.025633184721907582
0.0 -0.0007901465318308772 0.00048671609515169235 -0.012531068007787808 -0.009049515165045341 -0.01394860814814197 -0.0184542500178425 -0.02478747890859589
0.0 -0.0002779577766267156 0.0004960884323096694 -0.012462602622405564 -0.008558296638956747 -0.014049966002385703 -0.01910223461850245 -0.025283382067653837
0.0 -3.7062503107390335e-05 0.0002811507371269846 -0.01262027874908018 -0.007966780329414822 -0.013836996213322173 -0.019435515259647623 -0.025825890759729932
0.0 -0.0002562822777818932 0.0006353009461408051 -0.011202216426740592 -0.008946181692760156 -0.01562246444977512 -0.019698818183266596 -0.026746386019831477
0.0 -0.0006765562677100702 0.0016742083364256804 -0.013227343036554234 -0.010760804408323096 -0.014740650795864261 -0.018376986935087946 -0.027046581225109306
0.0 9.122056641458834e-06 0.0012482202642168387 -0.011811945476360759 -0.00927873471050884 -0.015324827541172627 -0.019250700031924903 -0.02683073612796112
0.0 -0.00045130138690171236 0.0009758082088337762 -0.012624789245296576 -0.00946795703503092 -0.0144932313984806 -0.01884723745811928 -0.027081383340134442
0.0 -0.00045243188199325414 0.00034577633519524147 -0.012057495979222104 -0.008324680528105343 -0.014079343952957464 -0.018649173671870956 -0.026117408977766682
0.0 -0.0003515884711648822 6.972055402144559e-05 -0.011783631630884047 -0.007902468252187876 -0.014027027938279047 -0.01896675654840118 -0.02602672585826106
0.0 -0.0003956977590724404 0.00039538454723434815 -0.011519152201217062 -0.008548277394978177 -0.014469021103738862 -0.018977070763813123 -0.026079727747636162
0.0 -0.0007122022062918672 0.0005748285765325011 -0.012296716727644609 -0.009014733224726021 -0.013796211220754584 -0.01821007061895178 -0.025670366761076327
0.0 -0.0004648993157878175 4.0461661291120446e-05 -0.01143088639512379 -0.007969255461418126 -0.01415586938246628 -0.018820377293223462 -0.025844796591187796
0.0 -0.0003789178402438687 0.00036916568458364164 -0.012220307627284032 -0.00833190022448231 -0.013696760960727361 -0.01863470568677756 -0.02603100182925256
0.0 -0.0007126098187911537 0.00013588827350893146 -0.011587715573532848 -0.008386715427197268 -0.013791718263227955 -0.018364597961112283 -0.02564588899066224
0.0 -0.0005965394358376807 0.00030957306649130253 -0.011825457607800353 -0.008527619584293841 -0.013790289096672332 -0.018443245013135046 -0.025932544530185328
0.0 -0.00022457905160410912 0.0006829497820492026 -0.01081676815853333 -0.008971702521692894 -0.015547411621827562 -0.01954792530610937 -0.027776118152713098
0.0 -0.0010845158372462785 0.0015255944052521718 -0.012761386311057075 -0.01080313125087562 -0.014265820660466756 -0.017448722804685696 -0.026774200478328104
0.0 -0.0004915639035145729 0.0005573447282499971 -0.01176121690719583 -0.008583122413740485 -0.014068511233572651 -0.018288291257170432 -0.026240441789040676
0.0 -0.00044257870506521395 -0.00022917363361661046 -0.011186334974718598 -0.007509533964953638 -0.013862030702808848 -0.018784755005497988 -0.02626767276103257
0.0 -0.0008452203026777356 6.674098494207845e-05 -0.011297761962438278 -0.008428240421180365 -0.013850766392328132 -0.018201547613681198 -0.02648233161144143
0.0 -0.0007093003428963623 0.0003282095566144394 -0.011676924062602316 -0.008689502457133512 -0.014001723089843838 -0.01836211455374166 -0.026460042523196083
0.0 -0.0006191073564328549 1.2239578708306276e-05 -0.011475425194089955 -0.008076408344309102 -0.013728833871685931 -0.018456970492712593 -0.026443770876462214
0.0 -0.0007344797183089884 -0.00011310705965955556 -0.011242399158541833 -0.007984142667819022 -0.01364190168042171 -0.01826311100139588 -0.026277761312392456
0.0 -0.0005859736599713585 0.00013471300776802045 -0.011461699111308954 -0.008247921722315633 -0.013694811291901678 -0.018412584647250686 -0.026600685935977777
0.0 -0.0006752824377147179 0.0005509974870061745 -0.010322193866049458 -0.009097014034031807 -0.015289180792533892 -0.018659242378749396 -0.02746255090622975
0.0 -0.000971954708938334 0.0017261722142459192 -0.012824266478706388 -0.010913256871601745 -0.014192521510749574 -0.017311421948565976 -0.02772287924783369
0.0 -0.0003942934107573534 -0.0002011967910034683 -0.010656776751815582 -0.007402730881213965 -0.014443564624804402 -0.018826270939349517 -0.027162245341961773
0.0 -0.0007863371064595536 -0.0002480806130861282 -0.010844241138998222 -0.007814355630050568 -0.013755853600060526 -0.018217333379981823 -0.026515340921566755
0.0 -0.0011419918871348879 3.71592713127554e-05 -0.010985216276266866 -0.008526271059960915 -0.013699915120403706 -0.017490548595231536 -0.026023681229941906
0.0 -0.0004789985439754292 0.0004971498928746911 -0.010897894819928587 -0.008698684304537867 -0.015064119479561256 -0.01880000016621849 -0.02819780613356548
0.0 -0.001127872571305371 0.0008557264561962034 -0.011828904135555509 -0.009780821333571723 -0.014019336483305823 -0.017395214098918883 -0.02728565803275276
0.0 -0.0010136785477243705 0.0002262586168525635 -0.011182653201832583 -0.008557183776731831 -0.013658318233313916 -0.017431433922282285 -0.02639548671436405
0.0 -0.0007484574394775626 -0.00017241398016949738 -0.01101643647714376 -0.007809984271581029 -0.013585245535142216 -0.01807477390595328 -0.026752912642811724
0.0 -0.0010014993064756668 -0.00030107680282590244 -0.010745590171113699 -0.00792457100983821 -0.013517130498501374 -0.017818807643346077 -0.02658185723149761
0.0 -0.0008941248488590683 0.0007365046730307211 -0.010477369428491458 -0.00943205473917283 -0.014883525415662513 -0.017883276162328442 -0.027425874163787847
0.0 -0.0011508198533851433 0.0014848291018814083 -0.0124854189626818 -0.010656648445461167 -0.013942613950545813 -0.01695440314459895 -0.027795131413358466
0.0 -0.0009587936723681038 0.00012858963606075178 -0.011049981450071761 -0.008267319930156409 -0.013566777053289548 -0.017369454965145782 -0.02666905313370199
0.0 -0.000994967775573877 1.001145248968119e-05 -0.011043758885428119 -0.008216614269109105 -0.013328170873821366 -0.017411869905240473 -0.026176452918138624
