[6.222228897349574989e-02, 1.656364311330777994e-01],
[1.045492122420096093e-01, 2.002814655227500018e-01],
[1.579263697452302218e-01, 2.050344334543671154e-01],
[2.231701611567612487e-01, 2.376769350124243174e-01],
[2.852170066112302282e-01, 2.793976560421645439e-01],
[3.335749786389005656e-01, 3.318358478001482981e-01],
[3.767513371006757650e-01, 3.716106783355608290e-01],
[4.252158835658949587e-01, 3.740028028421889528e-01],
[4.804794722313205924e-01, 3.757882714583978823e-01],
[4.887293424117599150e-01, 3.975643902406478247e-01],
[4.350537703963212044e-01, 4.149092104899435585e-01],
[3.246415235467474125e-01, 4.209819546419283909e-01],
[1.737139595911037782e-01, 4.065608169115503823e-01],
[2.967118333548427259e-02, 3.724271128451050461e-01],
[-7.485734775063640489e-02, 3.158561953632117447e-01],
[-8.100794494408461444e-02, 2.925959513296302883e-01],
[-3.273776949636770378e-02, 2.792283040513676151e-01],
[4.294096323685233502e-02, 2.897508509687927170e-01],
[1.116723105045004105e-01, 3.017928294847946891e-01],
[1.561467666528560394e-01, 2.910142669020423511e-01],
[1.652351572174838301e-01, 2.836608010118520373e-01],
[1.445631953786987167e-01, 2.828478150031930594e-01],
[1.260652400594687306e-01, 2.776760165086616383e-01],
[1.222605190309762335e-01, 2.622734625312475032e-01],
[1.304836141337017141e-01, 2.477498874922137995e-01],
[1.212416199301358105e-01, 2.306651875379903682e-01],
[1.317087689138722317e-01, 2.170083502068196890e-01],
[1.385936825666860550e-01, 2.111072441734782312e-01],
[1.373410397865583443e-01, 1.993584093358423681e-01],
[1.393227479473909958e-01, 1.852970449244080164e-01],
[1.459526305791970513e-01, 1.716835705610779694e-01],
[1.494649223453279052e-01, 1.575862706711857464e-01],
[1.481886230226781564e-01, 1.414956263425458105e-01],
[1.488100249975417011e-01, 1.267217960285058620e-01],
[1.525814688358594906e-01, 1.086239204790635654e-01],
[1.492377771085157123e-01, 9.975995456200169309e-02],
[1.417322552057056484e-01, 8.178294798862971449e-02],
[1.271441324424295582e-01, 8.797311388571057988e-02],
[1.188230357862814085e-01, 9.273810527241821422e-02],
[1.214507530142520109e-01, 1.006908688098165083e-01],
[1.251867278572410258e-01, 1.047147940177207692e-01],
[1.238051688553144514e-01, 1.020017250325212926e-01],
[1.399604812324895531e-01, 1.036875816639320769e-01],
[1.870365440043181282e-01, 7.126894771121125571e-02],
[1.662100780492327123e-01, 8.537585844537831647e-02],
[1.874684534183810314e-01, 4.593564459019158774e-02],
[1.780601203552158451e-01, 4.214991368488715806e-02],
[1.905617162889761129e-01, -9.094488310074269610e-03],
[1.394271297975126223e-01, 7.952143925754426301e-03],
[1.597882749464735186e-01, -1.728798078288083795e-02],
[1.661671792562887939e-01, -4.516902202872226380e-02],
[1.398019459954663868e-01, -9.730763467969236191e-03],
[1.529934533644433103e-01, -2.907843595076813059e-02],
[1.285252541680999006e-01, 2.126547850620329194e-02],
[1.700740741987864513e-01, -7.978147180497802138e-03],
[1.839906564965447522e-01, -6.230126486710449440e-02],
[1.740891155545154778e-01, -7.611363398121642754e-03],
[1.524433658732845809e-01, -3.452830352356016375e-02],
[1.082406641204275710e-01, -1.360707552425233224e-05],
[1.433794024890161223e-01, 1.023666389053101700e-04],
[1.629320303976708184e-01, -4.484146682348345847e-02],
[1.314157328910564304e-01, 2.515587052474477225e-02],
[1.182032158074936140e-01, 3.969535852487032779e-02],
[1.330695835823050843e-01, 3.263414868978772865e-02],
[1.095824962387386275e-01, 1.068345279792509983e-01],
[1.547825606322514869e-01, 9.964503582414215022e-02],
[1.286393418007118761e-01, 1.225059756603228550e-01],
[1.403703011736899819e-01, 1.020123626546067391e-01],
[1.157992344143128627e-01, 1.197188240138756521e-01],
[1.656731275572103090e-01, 1.080385602609107432e-01],
[1.444243791090619733e-01, 1.221002885917829434e-01],
[1.718177011276431077e-01, 1.206310182688405813e-01],
[1.406663646381868249e-01, 1.339641219438365283e-01],
[1.639500360003227630e-01, 1.100199533735496116e-01],
[1.332172890898118134e-01, 1.231095256252236481e-01],
[1.480893103138980482e-01, 9.184997800701827364e-02],
[1.826514280080950847e-01, 7.008082880389615577e-02],
[1.486305491876759033e-01, 7.940268061352875884e-02],
[1.616509257801976851e-01, 6.408310689243357228e-02],
[1.573480468066883187e-01, 5.902573493290894091e-02],
[1.190411050921981462e-01, 7.646770385281270732e-02],
[1.605702932336019462e-01, 5.719857723375679215e-02],
[1.400863495356791666e-01, 6.379263479227204048e-02],
[1.747314964898519785e-01, 3.109048939845687753e-02],
[1.604020608393801894e-01, 3.255729920343308770e-02],
[1.913039759809848639e-01, 6.816001913233199483e-03],
[1.913338677425326095e-01, 3.138229129939495987e-03],
[1.547039506168569889e-01, -9.574629306078052959e-03],
[9.363730403693937276e-02, 2.152968928969703488e-02],
[1.222751651247544480e-01, 1.195319364405919571e-02],
[1.550151352714927155e-01, 1.092582894289367834e-02],
[9.894006105620198332e-02, 3.727107937754048361e-02],
[1.229466911037943450e-01, 3.102396360536838205e-02],
[1.000265249196944373e-01, 4.565841669687090154e-02],
[1.354128849024699988e-01, 4.236728551843554902e-02],
[1.403363842581762944e-01, 3.891512434610505666e-02],
[1.566168280377893129e-01, 2.438515292598902873e-02],
[1.545486439344409546e-01, 3.694162258486588524e-02],
[1.043972056549298255e-01, 4.209954877781239835e-02],
[1.363206694896322846e-01, 3.854581403977298815e-02],
[1.249051766937300800e-01, 3.029240516028061658e-02],
[1.492697372066718597e-01, 2.413099811655403104e-02],
[1.593279167967315280e-01, 2.549602434140799123e-02],
[1.120055977982325895e-01, 2.636970100087357438e-02],
[1.331056386517061874e-01, 2.950197203042387306e-02],
[1.189146160659793339e-01, 2.159733066789357170e-02],
[1.581057626102680969e-01, 1.677701483767504720e-02],
[2.001510810120880057e-01, 1.672853672731439145e-02],
[1.180210827784624605e-01, 9.313446664896002369e-03],
[1.027736103285692981e-01, -6.943002351870342093e-03],
[1.326663868478450692e-01, 2.299861432938191119e-02],
[1.241342590705196147e-01, 1.076404495464722277e-02],
[1.177184928078550130e-01, 4.642515620259579645e-03],
[1.817775382354525071e-01, -1.836802591079489400e-04],
[1.389265187453450623e-01, -9.809870486441357729e-03],
[1.433676998649668355e-01, -2.878599096415904168e-02],
[1.728885789453593058e-01, -2.712588107312383090e-02],
[1.005109545386748682e-01, -3.848462774449590285e-02],
[1.013926572523132785e-01, -4.743767213520233561e-02],
[1.445690105881315413e-01, -3.726861658609903483e-02],
[1.187457677477349594e-01, -8.972404424131913414e-03],
[1.108201097777829491e-01, -1.430323689877729954e-02],
[1.402944165515745967e-01, -3.350819555777970193e-02],
[1.618174822002897140e-01, -2.982697878064644037e-02],
[1.435700253479011701e-01, -2.132987585891149562e-02],
[1.287765794439590383e-01, -2.434636527552228036e-02],
[1.273634958169448939e-01, -3.515048355723821016e-02],
[1.153563055421235606e-01, -2.854737038965943219e-02],
[1.251871616216845562e-01, -1.205073311272519820e-02],
[1.314034858488358770e-01, -1.974837906547638466e-02],
[1.559325720840626373e-01, -3.923736151824902540e-02],
[1.668898164961723496e-01, -5.548332326965169092e-02],
[1.316236582263129451e-01, -6.441791617568434769e-02],
[1.193851533760253991e-01, -7.274310254868771031e-02],
[1.192738105699527595e-01, -7.609482618991261771e-02],
[1.031596748734752156e-01, -7.261942369083904114e-02],
[1.074911220560384462e-01, -7.082140798320860076e-02],
[1.134579474340992322e-01, -6.639689045163602032e-02],
[1.051761934393773690e-01, -6.006423420413883885e-02],
[1.103478772020194398e-01, -5.978928160456484231e-02],
[1.164811795925435045e-01, -6.835819726766301230e-02],
[1.228347989907910276e-01, -8.096092978362806614e-02],
[1.213119847175995608e-01, -8.624624263049607276e-02],
[1.095559425882789428e-01, -9.029389028877390921e-02],
[1.085044498251357126e-01, -8.881460774026181393e-02],
[1.208165282293686554e-01, -7.637368951792175564e-02],
[9.027591896669491522e-02, -9.362976603739883719e-02],
[1.051131540977944812e-01, -1.061618254342125978e-01],
[9.384597167842705090e-02, -8.736096791511874238e-02],
[7.485628421314252656e-02, -6.817368494621836583e-02],
[1.215786710436434909e-01, -6.239130970817535760e-02],
[1.187375978984255287e-01, -7.959355225465025718e-02],
[1.518935204054571719e-01, -8.905679005177935537e-02],
[1.373733116836869383e-01, -6.476024565922383625e-02],
[8.726278449064775455e-02, -8.334596558706808267e-02],
[1.053582286788329186e-01, -9.885953339669509288e-02],
[1.059155389779449230e-01, -9.189637201834188751e-02],
[9.584017825225249476e-02, -4.313573743464865773e-02],
[8.090812486881968080e-02, -5.204587222528764268e-02],
[1.406353435993672463e-01, -7.503493575919001346e-02],
[1.493966047319412183e-01, -8.531472303684817238e-02],
[1.509906014003385422e-01, -6.797737693941757753e-02],
[1.274755508629679401e-01, -6.434687144954154281e-02],
[9.348870355141483679e-02, -8.944426368324231991e-02],
[1.156527630678942237e-01, -7.839457232383881258e-02],
[9.004474623569834468e-02, -6.257497620041757580e-02],
[1.138858066150747472e-01, -4.672226474725768575e-02],
[1.062774991673216679e-01, -6.928915494000234543e-02],
[1.350932024781258123e-01, -6.690237947366725613e-02],
[1.202247267168841810e-01, -4.767626615815739877e-02],
[8.921827814001494217e-02, -5.750371029258943834e-02],
[1.240696363155970178e-01, -6.104096507579712116e-02],
[1.228551783053883351e-01, -5.769930412260382280e-02],
[1.224631670953612028e-01, -5.215450602021415305e-02],
[1.114187601187569127e-01, -5.583268365409846390e-02],
[1.296002801535559301e-01, -5.420445338406797153e-02],
[9.337140634074590773e-02, -5.441288973219952918e-02],
[1.136750937541083639e-01, -3.674270537200979847e-02],
[1.003095653674238169e-01, -3.470130372031658694e-02],
[1.291199926684442612e-01, -3.215305041044547174e-02],
[1.237786069098884001e-01, -5.458350218393971665e-02],
[1.384654203265298089e-01, -4.624552718508706528e-02],
[1.152550336808880055e-01, -3.965840703272423273e-02],
[9.405927756755694258e-02, -5.188317583428332658e-02],
[1.264733153355623585e-01, -4.887071318328370384e-02],
[1.153951021847769709e-01, -4.449655861516635391e-02],
[1.289614007215338920e-01, -3.750520168500341700e-02],
[1.075266923294990185e-01, -4.389340725560268719e-02],
[1.256004871640730713e-01, -3.707650892103260543e-02],
[1.152855406936297566e-01, -5.414934638830247449e-02],
[1.304994394502808630e-01, -4.178062694326753479e-02],
[1.054016278670426854e-01, -4.523786323883186022e-02],
[1.025495385027237888e-01, -4.806115126009394278e-02],
[1.075786810896320611e-01, -4.625832280178678035e-02],
[1.278317940131664665e-01, -3.118612422871890055e-02],
[1.075068478978030151e-01, -3.576548578858045058e-02],
[1.312317506932200173e-01, -4.411385748778239024e-02],
[1.172024309209131476e-01, -4.137417658889587513e-02],
[1.133910825892793239e-01, -4.655223019108901961e-02],
[1.095847017266308732e-01, -3.559215879032839869e-02],
[1.168107126837044929e-01, -3.152459308767242840e-02],
[1.106534482314356499e-01, -3.485815402487901782e-02],
[1.135340594787942053e-01, -3.454244682602293504e-02],
[1.172830576896538718e-01, -3.606075596715439813e-02],
[1.170676749958329266e-01, -3.370736862755593921e-02],
[1.181407673651734824e-01, -3.336193244705253080e-02],
[1.344487851031260228e-01, -2.665836509053987058e-02],
[1.139419343511233196e-01, -3.083735329167508477e-02],
[1.153186670169230182e-01, -3.725032602362729484e-02],
[1.183915130338391575e-01, -3.217266238515624488e-02],
[1.163305685154028685e-01, -2.788189015909502133e-02],
[1.179625362960590451e-01, -3.142390503071702812e-02],
[1.222475625690129519e-01, -3.281931806939017426e-02],
[1.213644059877121706e-01, -3.334450489721810240e-02],
[1.143866070603778567e-01, -2.931168483080083542e-02],
[1.153717203954455761e-01, -2.672444236548590646e-02],
[1.176407448282198176e-01, -2.173711642909449682e-02],
[1.171142122049357026e-01, -2.310003617977550439e-02],
[1.155866128645536839e-01, -2.528991477521316811e-02],
[1.188972576547059762e-01, -2.377010126640166643e-02],
[1.209898608396467456e-01, -2.467431560954159997e-02],
[1.201260479648084550e-01, -2.288480350461180590e-02],
[1.180511196757003389e-01, -2.377019325902010594e-02],
[1.182295347014787334e-01, -2.138722849643667767e-02],
[1.322401187404993184e-01, -1.559595841478403355e-02],
[1.162317723122861385e-01, -1.937219609172549650e-02],
[1.181474305388112156e-01, -2.752081392538767435e-02],
[1.169452494829568701e-01, -1.996451052133160764e-02],
[1.164305714967752703e-01, -1.986148209884981697e-02],
[1.131652519067894574e-01, -1.868330589403376096e-02],
[1.191637607876358113e-01, -1.914672735727800112e-02],
[1.207094291757650484e-01, -1.902816765281679923e-02],
[1.209582719860171074e-01, -1.821618113475922951e-02],
[1.200228905846938282e-01, -1.926591047741291196e-02],
[1.105505772640457407e-01, -1.782162462183631280e-02],
[1.147818808692830789e-01, -1.576980222741879156e-02],
[1.186187436166184772e-01, -1.597790027259902990e-02],
[1.192052310469588344e-01, -1.484907469056595541e-02],
[1.095654543423111721e-01, -1.539847553039268291e-02],
[1.081642799015972017e-01, -1.172045033864821395e-02],
[1.167593480899788011e-01, -1.223585125315691802e-02],
[1.179597217914941931e-01, -1.076217840911283807e-02],
[1.210903151208548439e-01, -1.470921901928744224e-02],
[1.201362095266418906e-01, -1.359067636199785822e-02],
[1.184688756341441551e-01, -1.285218327124178217e-02],
[1.185632231709690954e-01, -1.288110498973057960e-02],
[1.186083526541946709e-01, -1.106495535188443957e-02],
[1.193934245329325711e-01, -1.192298336330956110e-02],
[1.177309907069073042e-01, -1.199521608424294894e-02],
[1.174494586801944629e-01, -1.014560073934946821e-02],
[1.140912352317549755e-01, -8.978112174210767238e-03],
[1.171940780367683455e-01, -1.082237102773323661e-02],
[1.165543171089661184e-01, -1.070108909442277212e-02],
[1.129022345703274005e-01, -1.053241649276887709e-02],
[1.159323419265180510e-01, -8.013862830399232084e-03],
[1.184035685828543905e-01, -7.953584334741761741e-03],
[1.179174343343738496e-01, -9.888308520046629191e-03],
[1.190621127002808588e-01, -1.250157930186876487e-02],
[1.175430045532878387e-01, -1.014068389656287705e-02],
[1.176878299128074346e-01, -5.596739647849569010e-03],
[1.178985442206983841e-01, -6.389739029944704884e-03],
[1.185430017317347096e-01, -5.329798259667499483e-03],
[1.226906701959476764e-01, -6.163744845734932254e-03],
[1.164791393279179660e-01, -8.356833771294064350e-03],
[1.045167972475376655e-01, -8.615223249347672696e-03],
[1.123282676728762919e-01, -2.678379477838659095e-03],
[1.181436206885630308e-01, -6.489344813829053815e-03],
[1.201181321101032207e-01, -6.451999442765227188e-03],
[1.260013715893247566e-01, -9.728395813687742977e-03],
[1.197942734257999575e-01, -5.324966259750617270e-03],
[1.190968970178459263e-01, -8.495876957094312953e-03],
[1.186345883133534396e-01, -4.921695911050412431e-03],
[1.157161455258333693e-01, -2.179253834246823451e-03],
[1.158870390214312568e-01, -2.073397000548420077e-03],
[1.097884479105447897e-01, -5.408872244603429857e-04],
[1.193974721743305129e-01, 1.280018664769136394e-04],
[1.094089222496736763e-01, -4.496980790033855424e-03],
[1.154257033660126552e-01, -9.844284968677577408e-04],
[1.197942411409771424e-01, -4.318150665758649365e-03],
[1.193341223499140430e-01, -2.017695045282458244e-03],
[1.166832116248960882e-01, -3.302656204488087222e-03],
[1.173177798053469945e-01, -4.595669858159165400e-03],
[1.179573689697012151e-01, -5.602898384573923307e-03],
[1.179756205321156048e-01, -6.041594026315599830e-04],
[1.180182186342045025e-01, -1.222661105645568569e-03],
[1.159192586947053322e-01, 3.263053651212932671e-04],
[1.242952914612970722e-01, -6.061513050865177665e-04],
[1.231209862991081427e-01, -4.084133155364710888e-03],
[1.192472497368270989e-01, -6.945212441795009517e-03],
[1.084751087338694520e-01, -1.700311259451074697e-03],
[1.097949091261645749e-01, -6.434580517463289739e-04],
[1.143343328552421240e-01, 7.965462100106845966e-06],
[1.218725959619795657e-01, -6.403084926392514642e-03],
[1.235084066040479656e-01, -5.984515839466464371e-03],
[1.189616247648955932e-01, -6.986923746459851314e-03],
[1.128037167939187624e-01, -1.126706719236626741e-03],
[1.090812448255466527e-01, -1.426470773973405326e-03],
[1.120517106493637283e-01, -1.293969965196282990e-03],
[1.161476756941167421e-01, -3.738369340677304142e-03],
[1.124993718692356565e-01, -2.978028867148818648e-03],
[1.217985912539561733e-01, -6.515659135152090942e-03],
[1.241185901593223062e-01, -7.702170900732469017e-03],
[1.196433840406364579e-01, -1.205881630306379626e-02],
[1.185219119099122365e-01, -6.636604868023907033e-03],
[1.134846645681196198e-01, -3.379047617397511194e-03],
[1.081118405250241915e-01, 5.322709198739318526e-03],
[1.113965099478469722e-01, 5.422581602880879870e-03],
[1.127858842396369660e-01, 5.925709111122411110e-03],
[1.131583715495846354e-01, 6.417874468611133032e-03],
[1.146337930911502517e-01, 5.849680310979953057e-03],
[1.159693252083149884e-01, 8.535598059303338425e-03],
[1.215283602313878969e-01, 3.448091956724047558e-03],
[1.258115270607287062e-01, 4.135119022964192648e-03],
[1.172021855464560058e-01, 7.455718450526616081e-03],
[1.090674607744532287e-01, 5.020272854345871061e-03],
[1.080036558336495006e-01, 7.039071415312098123e-03],
[1.216032902157612033e-01, 8.801492966769734749e-03],
[1.160715781457432039e-01, 7.954198845320850642e-03],
[1.120234472558827299e-01, 9.355858575568830326e-03],
[1.133654801051935113e-01, 9.711908947250304236e-03],
[1.110886058600503573e-01, 9.276794821752358533e-03],
[1.051398782028270251e-01, 1.117002836151097245e-02],
[1.060520741189423105e-01, 9.664326791963447072e-03],
[1.128845181380769835e-01, 9.861081308013226743e-03],
[1.148795279004085484e-01, 1.019623364931304677e-02],
[1.178474070555496495e-01, 6.952328676766400539e-03],
[1.174944741106575818e-01, 1.475114372722317879e-03],
[1.112983096420275819e-01, 3.613008919698332266e-04],
[1.133306450078374050e-01, 1.510157471634944459e-03],
[1.148474804129498844e-01, 1.863937901088671967e-03],
[1.194358890504040593e-01, -6.009025985183553964e-03],
[1.184363198396315292e-01, -5.780058605777294023e-03],
[1.145718820778585528e-01, -1.402289635883999241e-03],
[1.119437490010151554e-01, -4.258088629209080822e-04],
[1.136987972603784314e-01, -3.015006542266322753e-03],
[1.159853814748247058e-01, -4.563778858131598004e-03],
[1.231463718806820318e-01, -3.983053531552531445e-03],
[1.196403656929720671e-01, -7.118428140486209033e-03],
[1.172482155889140731e-01, -8.549495336492442255e-03],
[1.146292277923220554e-01, -4.831817605605068233e-03],
[1.164194298274084799e-01, -1.193351469355630190e-02],
[1.120841277758265059e-01, -7.807051271916221058e-03],
[1.129023521498040278e-01, -3.462795234486601426e-03],
[1.099604189452002834e-01, -3.991139416250247263e-03],
[1.134388025269828931e-01, -4.503180218074366581e-03],
[1.192818658359832557e-01, -4.799018500178560409e-03],
[1.183843642094115356e-01, -3.987928053607696366e-03],
[1.232136335864278953e-01, -6.447855089902893022e-04],
[1.161169620373155298e-01, -7.428066615401227035e-03],
[1.174485958394076296e-01, -6.139020298586282676e-03],
[1.140251041253836362e-01, -4.210775555688939242e-03],
[1.031154785357822623e-01, -2.217888502019704777e-03],
[1.044290669935001026e-01, 4.917077831034663560e-03],
[1.125013587916275232e-01, 3.703813934405955632e-03],
[1.161815825228093291e-01, 2.518362575994102792e-03],
[1.169348375487969660e-01, 3.508815920130435584e-03],
[1.138074952628705117e-01, 4.238412629513150370e-03],
[1.149766056108632861e-01, 7.271687995168009400e-03],
[1.193988734118172773e-01, 4.706941629877281486e-03],
[1.187212143217650367e-01, 2.855559958386901659e-03],
[1.188512097101452059e-01, -7.648458695584808842e-04],
[1.115795445646896311e-01, 3.013952610019004358e-03],
[1.142157148912016501e-01, 5.481751190294415627e-03],
[1.068517433942741818e-01, 4.636026433513244088e-03],
[1.113956450229165729e-01, 4.704540495427206315e-03],
[1.162304127445906027e-01, 2.929135623115176890e-03],
[1.325980510127002243e-01, 5.887931884004344446e-03],
[1.099912640235525402e-01, 5.542248466624682957e-04],
[1.096554644714181209e-01, -4.612496603235219372e-04],
[1.100482657806427372e-01, -7.920536322922680506e-04],
[1.142602158868784024e-01, 1.330424889160713997e-03],
[1.151926083661719558e-01, 3.121053023851037833e-03],
[1.145820488625153566e-01, 8.725502841613261285e-04],
[1.228451601438442370e-01, -3.479756339327164105e-03],
[1.164423944518351295e-01, -3.804266938683020793e-03],
[1.161113211876564077e-01, -4.349056746723034550e-03],
[1.107832237290324456e-01, 3.792155571362362115e-03],
[1.102207865239493850e-01, 7.060631043759243997e-04],
[1.121743017837388973e-01, -2.752572865258304247e-03],
[1.179718409027339654e-01, -9.346492557768815157e-04],
[1.284761316746074189e-01, -3.694815161107839474e-04],
[1.095439043373009624e-01, 1.628699243137327057e-04],
[1.167722693125792799e-01, -2.955828461687626252e-04],
[1.184545441629854118e-01, -1.486913151524160703e-03],
[1.156962676349720109e-01, -3.014914960688952483e-03],
[1.131438156274413853e-01, 5.330873285165974029e-04],
[1.139308194503701327e-01, -5.154618452570397524e-04],
[1.166348429145980664e-01, 2.310782507096029170e-03],
[1.162374059551890826e-01, -3.311654109156639270e-04],
[1.134114144261649249e-01, -4.662699805337150449e-04],
[1.157534026853156428e-01, 4.908379898054676671e-05],
[1.130422239144779767e-01, 4.652579919175378609e-04],
[1.144671528041997927e-01, -2.658907608333524464e-04],
[1.144258924255339843e-01, 6.848358751482507001e-04],
[1.139091902224648595e-01, 9.071661280178958120e-04],
[1.142141867354546092e-01, 7.698052568210940472e-04],
[1.147935120692312322e-01, 2.625220367011148193e-03],
[1.167867939152181511e-01, -1.991386584388465941e-04],
[1.168797990684332655e-01, 1.966308134996416768e-03],
[1.139268902030395186e-01, 2.099220136851116109e-03],
[1.095637692991150575e-01, 3.404759642194568614e-03],
[1.119139532796840919e-01, 6.239800416922812454e-04],
[1.139170254554950634e-01, 3.363355392819386558e-03],
[1.164442706181257059e-01, -6.697480277511429214e-04],
[1.180276086933203794e-01, 1.866369059658267576e-03],
[1.164954784005698823e-01, 5.474063745810851811e-04],
[1.147942965323944381e-01, 1.646104347334330364e-03],
[1.152118479521315186e-01, 9.463364081438788156e-05],
[1.166532400549571274e-01, 2.342720430098591683e-03],
[1.166928670680755648e-01, 9.252040039738271271e-04],
[1.168037029542140781e-01, 3.349480953397456634e-03],
[1.150516899957471917e-01, 1.787921317562217449e-03],
[1.154733045509164502e-01, 1.836542653079916571e-03],
[1.055902905377830436e-01, 2.324873984070531530e-03],
[1.048798451827216566e-01, 8.381650191101319702e-04],
[1.150164301744006773e-01, 3.313879272630566170e-03],
[1.184897099390870984e-01, 4.308709498319865383e-03],
[1.220339708729948902e-01, 7.800773590304205252e-04],
[1.252850464023017307e-01, 3.166066880663096633e-03],
[1.172014571171923203e-01, 9.235089360148329707e-03],
[1.150652337782420015e-01, 7.454916716619536948e-03],
[1.147493421521111473e-01, 2.305233411219229089e-03],
[1.232980204828124093e-01, 1.735075075346929896e-02],
[1.116124973470077886e-01, -3.059126226483011718e-03],
[1.161807296839743042e-01, 3.115116843215338938e-03],
[1.145274375141385470e-01, 7.598301422330339117e-03],
[1.107281071913714388e-01, 4.873567526625318530e-03],
[1.113921394983925783e-01, 6.154163994335735965e-03],
[1.154044951542554792e-01, 2.613424936680180943e-03],
[1.165457391402949100e-01, 6.124795872493534604e-03],
[1.136940729916253584e-01, 3.698242103198884356e-03],
[1.115088926045425810e-01, 6.387804176467341138e-03],
[1.129162017552817060e-01, 2.416030033880321726e-03],
[1.144902836162163401e-01, 5.551651784493509545e-03],
[1.132363346666371423e-01, 2.812366876043165265e-03],
[1.155591689540005906e-01, 4.134689978907854502e-03],
[1.133998534178630585e-01, 3.530341460006573839e-03],
[1.180677825384978674e-01, 3.693072285756434509e-03],
[1.149436372497484732e-01, 3.535545852931448740e-03],
[1.158509755845391204e-01, 4.343258420633742262e-03],
[1.164022319837077213e-01, 1.503013632494800550e-03],
[1.169129766248927643e-01, 1.269171294433959346e-03],
[1.126642099710927353e-01, 3.227323898295383214e-03],
[1.117344578679428657e-01, 4.185804237515765303e-03],
[1.158482545355139365e-01, 5.832451529392466277e-03],
[1.180358996017829981e-01, 1.965452379520199466e-03],
[1.169993673785630073e-01, 2.865711034219859538e-03],
[1.172668063640456559e-01, 3.867956465859054976e-03],
[1.156711618613769366e-01, 5.309107880631738080e-03],
[1.157976805150616184e-01, 2.645049819418439363e-03],
[1.177671938092411802e-01, 5.329637991468655356e-03],
[1.172057211190986742e-01, 7.595084186164276913e-03],
[1.163930819657589266e-01, -2.781871609165847969e-04],
[1.173541452539672431e-01, 5.550762893016484428e-03],
[1.051039270752874288e-01, 8.328280099432532058e-03],
[1.123153784937601929e-01, 6.062747535700338530e-03],
[1.189270032572470187e-01, 5.682895053721361001e-04],
[1.216648309818529755e-01, 8.470727995227564366e-03],
[1.163855669612218757e-01, 3.433304366932225793e-03],
[1.131829263254128526e-01, 3.431055406003327007e-03],
[1.130697452746927817e-01, 4.800898905764877655e-03],
[1.133945507879424164e-01, 4.310837469442697911e-03],
[1.143612489227411599e-01, 4.550516080435058897e-04],
[1.180829987684874072e-01, 3.538300284931829298e-03],
[1.129066482766500068e-01, 4.282747910345410108e-03],
[1.130478386291384335e-01, 7.013515735455853883e-04],
[1.158746189281463085e-01, 1.935003479653796959e-03],
[1.191435095625901636e-01, 6.406049054389999914e-03],
[1.159354462066607694e-01, -4.173760715125103549e-03],
[1.182419407633069214e-01, 2.835082819307142149e-03],
[1.116059441145158398e-01, 3.875226696307979002e-03],
[9.377629565835123027e-02, -7.609813774581142276e-04],
[1.179205186215594447e-01, 6.648834248156078319e-04],
[1.128216627758713286e-01, 1.784255889151667440e-03],
[1.108586720587502739e-01, 4.975056298794078291e-04],
[1.139536547319929122e-01, 2.124152355470990128e-03],
[1.163440842679694665e-01, 1.185062469949690889e-03],
[1.183682849915830698e-01, -3.080245063897341096e-03],
[1.184173450262788058e-01, 4.328217000398634773e-03],
[1.079023858814724957e-01, -3.411348287645291077e-05],
[1.125567533159947953e-01, -4.309570360054974097e-03],
[1.178665672377133822e-01, 3.259807787958909908e-03],
[1.154465982316509320e-01, -4.439930815734575292e-03],
[1.169146182103243531e-01, -3.043951212370211296e-03],
[1.138396107882082980e-01, 2.601431148029111073e-04],
[1.127125779082197160e-01, -2.497833466416875259e-03],
[1.172572308754483705e-01, -1.605986633203441288e-03],
[1.191682825599821444e-01, -5.098631837076404022e-03],
[1.178580760023757584e-01, -2.486788654083096906e-03],
[1.077187452123549993e-01, -2.754849515671741605e-03],
